-999879
-999763
-999653
-997705
-997552
-996702
-996346
-994608
-993348
-993085
-992984
-991988
-991798
-991530
-991490
-989420
-989193
-989051
-988965
-987986
-987942
-987824
-987623
-987225
-984698
-984284
-984056
-983798
-983533
-983320
-983215
-983110
-982940
-982925
-982912
-982418
-982129
-981250
-980523
-980498
-980258
-979738
-979175
-978918
-978574
-978546
-977888
-977532
-977449
-976624
-976101
-976053
-974833
-973869
-973641
-973218
-973095
-972909
-972749
-972516
-971630
-969854
-969303
-969181
-969129
-968881
-968480
-967700
-966658
-966244
-966107
-965248
-965089
-964938
-964554
-963746
-963634
-963598
-963062
-962928
-962746
-961149
-960385
-960232
-959654
-959515
-958544
-957157
-956999
-956747
-956567
-956092
-955969
-955955
-955860
-954863
-953868
-953549
-953483
-953310
-952658
-951864
-951798
-951411
-951372
-950771
-950646
-950187
-950090
-949983
-949514
-949438
-949126
-948782
-948561
-948532
-947922
-947772
-947687
-947418
-947386
-947290
-947087
-946337
-946000
-945325
-943906
-943462
-942946
-942222
-941994
-941724
-941570
-941420
-940595
-940244
-939719
-938937
-938712
-938494
-938332
-938281
-937148
-937082
-936569
-936052
-935855
-935676
-935653
-935184
-934724
-934575
-934257
-933927
-933479
-933333
-933171
-933001
-932983
-932968
-932968
-932640
-932554
-932428
-932090
-931090
-931055
-930832
-930825
-930330
-929637
-927739
-927420
-927106
-926967
-926573
-925905
-925280
-923830
-923786
-923347
-922557
-921529
-921192
-921089
-921033
-920909
-920821
-920779
-920536
-919952
-919770
-919525
-919423
-919118
-918783
-917725
-915374
-915149
-914934
-914662
-914075
-913318
-913262
-912878
-912775
-912731
-912559
-911968
-911516
-911285
-911108
-910543
-910180
-909833
-908406
-908396
-907334
-907107
-906083
-905590
-905391
-905084
-904713
-904404
-904271
-904063
-904000
-903868
-903163
-903024
-902634
-902035
-901625
-901066
-900424
-899724
-899413
-899049
-898812
-898032
-897848
-897524
-897168
-896827
-896684
-896547
-896459
-896297
-895928
-894944
-894078
-893367
-892748
-892279
-892081
-891743
-891453
-891356
-891081
-891009
-890424
-889993
-889989
-888343
-888301
-888036
-887736
-887428
-887382
-887167
-886545
-886363
-885247
-884953
-883920
-883563
-883296
-882690
-881877
-881599
-881290
-881173
-880669
-879246
-878887
-878394
-877923
-877668
-877213
-876039
-875945
-875890
-875756
-875644
-875196
-874875
-874831
-872911
-871926
-871027
-870952
-870656
-870469
-870257
-870226
-869887
-868855
-868294
-867487
-866276
-865764
-865151
-864693
-864678
-864203
-864040
-863096
-862897
-862878
-862776
-862418
-862318
-862305
-862275
-862121
-861472
-860749
-860479
-860095
-860048
-859652
-859384
-859305
-859170
-859093
-858937
-858687
-858533
-857335
-857088
-856912
-856902
-856837
-856533
-855622
-855477
-855316
-855223
-854772
-854201
-854192
-854150
-853436
-853006
-852783
-852478
-852382
-851543
-850497
-848984
-848667
-848630
-847785
-847560
-847342
-846864
-846451
-846195
-845525
-845205
-845047
-844048
-843925
-843643
-843638
-843174
-842417
-841969
-841517
-841341
-840032
-839795
-839774
-839460
-839445
-839091
-838918
-838379
-838221
-837804
-837578
-837546
-836501
-836179
-836137
-835360
-834880
-834808
-833948
-833033
-832936
-832532
-832464
-832209
-832114
-830876
-830609
-830352
-830319
-829073
-828352
-826962
-826676
-826646
-826641
-826572
-826160
-825749
-824989
-824732
-824423
-824149
-823979
-823342
-823060
-822521
-822414
-822375
-821839
-821187
-820627
-819902
-819677
-819131
-818956
-817488
-817459
-816827
-816619
-816552
-815612
-815295
-814897
-814505
-813982
-813584
-813477
-813391
-813012
-812280
-812270
-811873
-811661
-811618
-811442
-811067
-810912
-809976
-809474
-809247
-808982
-808962
-808873
-808488
-808436
-808178
-808145
-807892
-807289
-806830
-806738
-805931
-805914
-805798
-805619
-805563
-805246
-804861
-804316
-804300
-804091
-803897
-803487
-803428
-803017
-802707
-802469
-802401
-802365
-802283
-802246
-802134
-802098
-801943
-800997
-800764
-800740
-800574
-800544
-800410
-800336
-799930
-799743
-798554
-798075
-797990
-797982
-797398
-795354
-795091
-794969
-794757
-793609
-793530
-792754
-791747
-790700
-790390
-790246
-789807
-789530
-789191
-789090
-788812
-788538
-787862
-787489
-787375
-787299
-787249
-786943
-786716
-786704
-786079
-785118
-784038
-783591
-782986
-782701
-782620
-781146
-781134
-780653
-780624
-780523
-780116
-780103
-779639
-779619
-779478
-779273
-778938
-778626
-778559
-778217
-777008
-776104
-775738
-775584
-775420
-775286
-775277
-774837
-774566
-773700
-773164
-772663
-772469
-772103
-771866
-771285
-771079
-770929
-770765
-770348
-768515
-768490
-768035
-767703
-767524
-766996
-766412
-766137
-765556
-765413
-765380
-765136
-765036
-764299
-764218
-763790
-763111
-762234
-761940
-761932
-761688
-761535
-761259
-761160
-760865
-760781
-760648
-759488
-759326
-758001
-757230
-757018
-755658
-755565
-754430
-754207
-753447
-752721
-752538
-752511
-751993
-751941
-751542
-750337
-750256
-749996
-749836
-749712
-748681
-748317
-748219
-747715
-747522
-747365
-746741
-746027
-745966
-745830
-745550
-744639
-744596
-744013
-743875
-743070
-742416
-742414
-742413
-742404
-742378
-742287
-742099
-741998
-741706
-740550
-740324
-739910
-739136
-738903
-738426
-738204
-737578
-737361
-736800
-735843
-735754
-735104
-734715
-734516
-734171
-734038
-733891
-732672
-731846
-731643
-731611
-731096
-730790
-730298
-730228
-729483
-729390
-728880
-728242
-727785
-727746
-727549
-726884
-726250
-725703
-725406
-725320
-725305
-725213
-724130
-723437
-723436
-722318
-721418
-721412
-720877
-720386
-719387
-719386
-719365
-718469
-717672
-717353
-717341
-717049
-716155
-715656
-715424
-715088
-715035
-714931
-714487
-714346
-714074
-714039
-714010
-711884
-711252
-711036
-711030
-710010
-709885
-709377
-709217
-708943
-708674
-708333
-707735
-707504
-707220
-706544
-705430
-705174
-704939
-704852
-703569
-703151
-703104
-702653
-702357
-702322
-701331
-700932
-699941
-699652
-699138
-698449
-698285
-697744
-697697
-697268
-697210
-696241
-696130
-696035
-695063
-694828
-694210
-694031
-693822
-693521
-692338
-691960
-691488
-690230
-689905
-689802
-689707
-689332
-689232
-688617
-688287
-688020
-687869
-687774
-687627
-687545
-687415
-687128
-686459
-685988
-685818
-685793
-684303
-684165
-684131
-683899
-682934
-682831
-682244
-681948
-681767
-681582
-681578
-681454
-681349
-681039
-680880
-680813
-680724
-680130
-679963
-679602
-679278
-679252
-679159
-679147
-678617
-678230
-677814
-677743
-677285
-677215
-677186
-676935
-676712
-675731
-675538
-675496
-675364
-674987
-674574
-674385
-674126
-674020
-673438
-673229
-673215
-673206
-672900
-672877
-672799
-672129
-671338
-671192
-671139
-670974
-670741
-670553
-670174
-669642
-669515
-669269
-668747
-668063
-666754
-666062
-664835
-664462
-663683
-663516
-662948
-662645
-662229
-661528
-661470
-661284
-661099
-660776
-660238
-660111
-660032
-659918
-659773
-659720
-659673
-658397
-655929
-654504
-653714
-653595
-653008
-652720
-651368
-651247
-651060
-650778
-650339
-650218
-647320
-647276
-646473
-646233
-645256
-644698
-644632
-644284
-644262
-644058
-643390
-643050
-641977
-641135
-640964
-640322
-639967
-639695
-639064
-638862
-637649
-637620
-636707
-635613
-635582
-635381
-635284
-635275
-634203
-633838
-633297
-632940
-632875
-632849
-632715
-632237
-630651
-629958
-629103
-628874
-628029
-627609
-626961
-626766
-626526
-624632
-623365
-622254
-621990
-621731
-620873
-620593
-620333
-619876
-619784
-619132
-619037
-618713
-618550
-618389
-617669
-617656
-617581
-617019
-616957
-616572
-616473
-615626
-615401
-615194
-615081
-614562
-614507
-613517
-613493
-613348
-613141
-612869
-612424
-611947
-611714
-611636
-611543
-611433
-610540
-610456
-610435
-610152
-609905
-609316
-608916
-608394
-608300
-608218
-606033
-605823
-605590
-604842
-604790
-604293
-604201
-604073
-603525
-603314
-603308
-603295
-603221
-602852
-602669
-602524
-602310
-601765
-601266
-601109
-600888
-600486
-600345
-599687
-598903
-598874
-598716
-598458
-597551
-597516
-597452
-596531
-596363
-595505
-595218
-595101
-594935
-594704
-594676
-593837
-593330
-593014
-589378
-589276
-589229
-588979
-588181
-587452
-586752
-586618
-586617
-586460
-586097
-586007
-585865
-585851
-584937
-584876
-581719
-581446
-581351
-580957
-580797
-580539
-579428
-579299
-578803
-578587
-578198
-577766
-577356
-577336
-576908
-576283
-575853
-575519
-574701
-574538
-574169
-574082
-573112
-572756
-572438
-572063
-571303
-571068
-570887
-569936
-569886
-569221
-569013
-567719
-566085
-565454
-564379
-564282
-564020
-563981
-563602
-563549
-563545
-563173
-562853
-562694
-562590
-562467
-562306
-561816
-560225
-559329
-559149
-559112
-558544
-558306
-558099
-557911
-557020
-556483
-555980
-555043
-554784
-554650
-554317
-554250
-554238
-553269
-552681
-552599
-551696
-550428
-550301
-549687
-549676
-549262
-548676
-548237
-548059
-547753
-546760
-546693
-545657
-544826
-544775
-544739
-544454
-543913
-542528
-542480
-542229
-541858
-540880
-540782
-540675
-540452
-540432
-539581
-539475
-539442
-539071
-538673
-538347
-538105
-535827
-535434
-535403
-535070
-534403
-534392
-533573
-533427
-533032
-532263
-532213
-532185
-531946
-531852
-531651
-531617
-531231
-531192
-530482
-530276
-529051
-529006
-528056
-527553
-527347
-527233
-526771
-526746
-526511
-525758
-525580
-525401
-525056
-525021
-524259
-524013
-523905
-523824
-523689
-523648
-523527
-523474
-523105
-522275
-521747
-521720
-521406
-521391
-520764
-520613
-520403
-520107
-519899
-519898
-519347
-518419
-517477
-517017
-516927
-516804
-516508
-516265
-516207
-516022
-515579
-515512
-514511
-514165
-514037
-513984
-513936
-513715
-513474
-513330
-513161
-513053
-512980
-512911
-511724
-511657
-511613
-511050
-510654
-510177
-510062
-509599
-509262
-508687
-508665
-508560
-508378
-507957
-506393
-506007
-505841
-505720
-505651
-505590
-505053
-504568
-504485
-504006
-503716
-502093
-502089
-501701
-501682
-501444
-501391
-501330
-501283
-501209
-501178
-500984
-500925
-500613
-500210
-499974
-499882
-497097
-496966
-496567
-495751
-495208
-495157
-494964
-494798
-494458
-494309
-493384
-493258
-491584
-490954
-489905
-489014
-488806
-488430
-487937
-487117
-486370
-486343
-485882
-485764
-485559
-484849
-484842
-484571
-484391
-484357
-484293
-483965
-482784
-482593
-482534
-482518
-481925
-481571
-481548
-481192
-480754
-480583
-480518
-480118
-480115
-479117
-478921
-478646
-478501
-478400
-478107
-478042
-477701
-477648
-477060
-476884
-476471
-475724
-474851
-474779
-474671
-473767
-473519
-473453
-473303
-473109
-472008
-471728
-471626
-471061
-470874
-470738
-470696
-468139
-467464
-467351
-467245
-467107
-466727
-466236
-464501
-464484
-463900
-463872
-463839
-463715
-463600
-463053
-461682
-461581
-461072
-460893
-460873
-460604
-460059
-459082
-458897
-458756
-458439
-458045
-457694
-457692
-457404
-457321
-457264
-455837
-455124
-455080
-454888
-454727
-454640
-454240
-454054
-453973
-453468
-453273
-452764
-452337
-452054
-451311
-450782
-450494
-449828
-449731
-449334
-447687
-447686
-447587
-447296
-447216
-446682
-446542
-446026
-445943
-445442
-444996
-444550
-444524
-443415
-443137
-443110
-442882
-442700
-442589
-442522
-441355
-440689
-439724
-438927
-438745
-438334
-438320
-438032
-438024
-437150
-437051
-436676
-436267
-436210
-436133
-435708
-435195
-435157
-435120
-434809
-433575
-433020
-432723
-432633
-432571
-432284
-431802
-431704
-431207
-430955
-430299
-430272
-429938
-429820
-429036
-427895
-427823
-427523
-427292
-426756
-426167
-425983
-425482
-424479
-423664
-423580
-421752
-421506
-420646
-420457
-420328
-420044
-419635
-419202
-418152
-417487
-417119
-416461
-416226
-415761
-415480
-415283
-415272
-414690
-414113
-413723
-412999
-412076
-411647
-411195
-410720
-410688
-409899
-409267
-409080
-408998
-408866
-408810
-408598
-408519
-407926
-406664
-406358
-406059
-405903
-405773
-405580
-405349
-405235
-404264
-403814
-403536
-402920
-402836
-402392
-401961
-401841
-401835
-401654
-401540
-401212
-400271
-400001
-399717
-399589
-399224
-399167
-399039
-398965
-398257
-397667
-397083
-396288
-396276
-395784
-395250
-395237
-394813
-394672
-394084
-393763
-393241
-392644
-392393
-392320
-392201
-392024
-391391
-391099
-391025
-390352
-390129
-390010
-389935
-389800
-389198
-388556
-388028
-387690
-387559
-387247
-386595
-385525
-385023
-384024
-383742
-383654
-383076
-382502
-382149
-381843
-381586
-380887
-380802
-380631
-380123
-379547
-379057
-378980
-378619
-378548
-378088
-377891
-376375
-376247
-376237
-376028
-375742
-374705
-374474
-373893
-373835
-372584
-372469
-372129
-371810
-371692
-371550
-370804
-370505
-369431
-369042
-368848
-368742
-368459
-368330
-367024
-366352
-366147
-365599
-364916
-364515
-364348
-364119
-364049
-363422
-363097
-362993
-362637
-362563
-362062
-361821
-361795
-361602
-361207
-360764
-360290
-360185
-360133
-360065
-359853
-359652
-359502
-358654
-358532
-358526
-357874
-357426
-356991
-356754
-356021
-355896
-355856
-355847
-355447
-354668
-354594
-354223
-354172
-354172
-353850
-353838
-353718
-353680
-353094
-352369
-352345
-352286
-351617
-350320
-349629
-349145
-349117
-349069
-348769
-348670
-348226
-347481
-347296
-347167
-347027
-346986
-346984
-346363
-346289
-345997
-345825
-345741
-344954
-344654
-344454
-343512
-343099
-342194
-341980
-341788
-341677
-340421
-340418
-340058
-339458
-339388
-339078
-338984
-338894
-338214
-337268
-337013
-336623
-336427
-336409
-335373
-334971
-334624
-334354
-333969
-333716
-332989
-332698
-332262
-332245
-332170
-331824
-331750
-331520
-330835
-329951
-329875
-328486
-324899
-324743
-323816
-323699
-323565
-323487
-323414
-323266
-322985
-321511
-321131
-320404
-320299
-319113
-318805
-318629
-318497
-318054
-317345
-316862
-315438
-315141
-315052
-315023
-314931
-314834
-314752
-314713
-314151
-313973
-313278
-312986
-312630
-312563
-312157
-311645
-311103
-310781
-310239
-309811
-309698
-309399
-309170
-308783
-308504
-307983
-307506
-307413
-307189
-306169
-305931
-305704
-305350
-303917
-303377
-302237
-301820
-301238
-301193
-300756
-300692
-300613
-300312
-300265
-299899
-298767
-298122
-298042
-297554
-297047
-296214
-295857
-294740
-294556
-294262
-293935
-293756
-292983
-291725
-291616
-291077
-290962
-290237
-289970
-289949
-289719
-288675
-288266
-288208
-287950
-287553
-287468
-286936
-286521
-286043
-285578
-285002
-284787
-284766
-284721
-284054
-283846
-283669
-283633
-283474
-283378
-283257
-282508
-281896
-281737
-281426
-281206
-280899
-280760
-280561
-279699
-279485
-279411
-278594
-278578
-278486
-278433
-278170
-277377
-276989
-276642
-276438
-275514
-275444
-275434
-275382
-275109
-274707
-274338
-273791
-273697
-273263
-273183
-272876
-272103
-271455
-270736
-270361
-269768
-269527
-268072
-267699
-267543
-266666
-265636
-264722
-264616
-263971
-263786
-263352
-262490
-262475
-261888
-261361
-260867
-260683
-260146
-259498
-259493
-258423
-258364
-258052
-257945
-257407
-257251
-256735
-256542
-255886
-255822
-255563
-255339
-255175
-253897
-253654
-253525
-252836
-252815
-252545
-252528
-252524
-252143
-251454
-248978
-248895
-247541
-247232
-246941
-246341
-246225
-245818
-245477
-245466
-245290
-245256
-245206
-244468
-244426
-244365
-244226
-243707
-243464
-243435
-241689
-241442
-241253
-240269
-239267
-238481
-238429
-237876
-237729
-237520
-236686
-235607
-234841
-234101
-233959
-233143
-232042
-231793
-231663
-231104
-230631
-229925
-229855
-229847
-229518
-228309
-228166
-227823
-227810
-227742
-227733
-227559
-226379
-226377
-226274
-226048
-224905
-224558
-224430
-224246
-224024
-223717
-223506
-223439
-223274
-222885
-222542
-222532
-222481
-222461
-221963
-221473
-220820
-220287
-219637
-219555
-218823
-218540
-217876
-217323
-216745
-216560
-216439
-216188
-216044
-215916
-215387
-215344
-215291
-215236
-213835
-213778
-213486
-213034
-212976
-212715
-212389
-211743
-211378
-211295
-211138
-211049
-210899
-210799
-210534
-209463
-209407
-208924
-207881
-207731
-207381
-207297
-207067
-206595
-205862
-205080
-204387
-204320
-203410
-203108
-202888
-202598
-202586
-202256
-201859
-201461
-201256
-201130
-201094
-200912
-200249
-198827
-198757
-198356
-197627
-197587
-197331
-197319
-197171
-197048
-196238
-195846
-195681
-195557
-195141
-194389
-193959
-193916
-193629
-193020
-192798
-192494
-192332
-192264
-192248
-191585
-191226
-190883
-190615
-190288
-190177
-189433
-189379
-188747
-188641
-188607
-187606
-187372
-187265
-187100
-187045
-186927
-186400
-186374
-185773
-185206
-184639
-184505
-184272
-184042
-183589
-183440
-183098
-182941
-182593
-182475
-182464
-182314
-181081
-180243
-179656
-179202
-178714
-178391
-177903
-177860
-177756
-177600
-177321
-177227
-176371
-175974
-174256
-173975
-173511
-173286
-173071
-172645
-172307
-172274
-172186
-172008
-171346
-171043
-171006
-170932
-170637
-170465
-170347
-169927
-168453
-168355
-167573
-167494
-166920
-166344
-165991
-165762
-165578
-165048
-164745
-164537
-164452
-163590
-162950
-162743
-161594
-161078
-161034
-160992
-160534
-160469
-160122
-159551
-159535
-159408
-158646
-158094
-157103
-156846
-156765
-156247
-155755
-155569
-155382
-155263
-154066
-153914
-153183
-153012
-152786
-151422
-150829
-150471
-149869
-148862
-148766
-148766
-147822
-147796
-147692
-147486
-147251
-147139
-147073
-146763
-146740
-146506
-146409
-146196
-145694
-145221
-144641
-144592
-144276
-141550
-141113
-140573
-139661
-139417
-138847
-137938
-137787
-135601
-135529
-135497
-135162
-135080
-134348
-133828
-132902
-132106
-131883
-130886
-130820
-130772
-130483
-130480
-129648
-129051
-128832
-127873
-127641
-127462
-126745
-126548
-126509
-125817
-124614
-124547
-123964
-123824
-122578
-121959
-121925
-121615
-121179
-121121
-120534
-120360
-120227
-118881
-118672
-118632
-118550
-118518
-118280
-117544
-117506
-116884
-116699
-116613
-116435
-116277
-115610
-115313
-113995
-113901
-113783
-113290
-113155
-112950
-112914
-112878
-112539
-112027
-111075
-110598
-110588
-110395
-110354
-109753
-109707
-108806
-108447
-107727
-107652
-107535
-107394
-105836
-105480
-104152
-103121
-102712
-102677
-102237
-102148
-102063
-102032
-101803
-101376
-100860
-100157
-99986
-99848
-98922
-98178
-97609
-97226
-97121
-97073
-96845
-96814
-96576
-96439
-95411
-94411
-94305
-93636
-93176
-92769
-92251
-92040
-91125
-91125
-91028
-90624
-90334
-89937
-89568
-89340
-89044
-88922
-87383
-87115
-87111
-86521
-86164
-85980
-85512
-85079
-84899
-84397
-83947
-83653
-83185
-82837
-82375
-80966
-80693
-80549
-80023
-79266
-78931
-77260
-76695
-75955
-75417
-75367
-75228
-74508
-74144
-71905
-71786
-71528
-71382
-71255
-71125
-71001
-70466
-70414
-70166
-70133
-69777
-69645
-68742
-68401
-67901
-67780
-66621
-66602
-66315
-66253
-66058
-65785
-65058
-64889
-63385
-63189
-62703
-61962
-61798
-61797
-61730
-61515
-61265
-61048
-60568
-60455
-60171
-60080
-60007
-58139
-58111
-57807
-56977
-56752
-56389
-56310
-55324
-54952
-54404
-52652
-52437
-52303
-50885
-50740
-50488
-50257
-50202
-49911
-49908
-49883
-49302
-48611
-48453
-48336
-47720
-47601
-46546
-46406
-46209
-45573
-45484
-45294
-44940
-44887
-43971
-43916
-43765
-42491
-42280
-42166
-42040
-41082
-40793
-40193
-39296
-38575
-36520
-36448
-35730
-34722
-34387
-33686
-33221
-32145
-31681
-30829
-30622
-30543
-30156
-29929
-29917
-29435
-29033
-28561
-28470
-27929
-27311
-27251
-25804
-25308
-24461
-24335
-24275
-24143
-23681
-23198
-21764
-21639
-21526
-21415
-21278
-21251
-21159
-21134
-20712
-19302
-17558
-16842
-15865
-15735
-15564
-15352
-15047
-14726
-13797
-12034
-11933
-11563
-11419
-11128
-10869
-10757
-10649
-10364
-10294
-10200
-9910
-9853
-9541
-9113
-9111
-8923
-8005
-7814
-7396
-7341
-6969
-6720
-6524
-6469
-6097
-5732
-5577
-5511
-4913
-3711
-3509
-3303
-2792
-1718
-1420
-1202
-931
-877
-200
160
459
539
1161
1621
1740
2227
2352
3001
3477
4633
4818
4874
5318
5603
6046
6683
6931
8379
8946
9815
10111
10189
10304
10537
10925
11884
11963
12308
12861
13428
14054
14085
14339
15585
15608
16131
16251
16880
17309
18050
18155
18318
18433
18444
18556
18828
18996
19275
20074
21826
22225
22259
22390
22660
22884
22979
23178
23525
23689
24473
24591
25800
25877
26186
26681
27212
27268
27455
27929
28128
28780
29505
30785
31010
31065
31158
31625
32485
32765
33734
33909
33984
34129
34322
34325
34421
34573
34720
35551
35564
35768
36220
36335
36528
36972
37003
37318
37349
37453
37749
39189
39355
40216
40645
40761
41586
41938
42159
42712
42909
42993
43280
43479
43526
44707
44794
44896
44959
45087
45345
45391
45883
46006
46226
46249
46584
46692
46758
47073
47459
47578
47921
48212
48480
48575
48772
48820
49563
49710
49912
50213
50414
50659
52149
53139
53292
54191
54874
54948
55023
55357
56222
56451
56781
57010
57458
58204
59667
59974
60446
60491
60633
61476
61911
62020
62211
62419
62512
62913
63355
63848
64311
64822
66098
66412
67238
67352
67395
67526
68018
68133
68280
68882
69034
70322
70896
70951
71012
71335
71755
72411
72418
72511
72744
73355
73697
75150
75322
75499
75680
76218
77156
77164
77459
78104
78190
78269
78424
78809
78853
80383
80447
80682
81230
81394
81546
81690
82555
82749
82772
82814
84476
84528
85331
85593
85609
86036
86087
87295
87431
88600
89063
89141
89484
89773
90083
90365
91104
91432
91921
93419
94058
94362
94434
94699
94905
95318
95538
95631
96309
96495
97148
97276
97283
98680
99505
99593
99681
100486
100501
100576
100846
101158
101224
101292
101442
101494
102182
102439
103278
103380
103668
103774
103846
103850
103947
104767
106087
107372
107582
107654
107944
108346
108487
109531
109912
110051
110413
111238
111425
112672
112998
113141
113238
113349
114034
114186
114227
115521
115857
116011
116132
117208
117337
117522
118332
118370
119098
119168
119277
119819
120007
120355
121198
122591
122657
123063
124095
124500
125916
126334
126706
126749
127611
128497
128516
128898
129341
129395
129549
129919
129929
130377
131264
131949
132456
132755
133831
134397
134672
134692
135286
136090
136304
137361
137601
137906
137914
138170
138634
140264
141044
141426
142254
142323
142396
142449
142944
143838
143850
145548
146162
146787
147006
147095
147132
147479
147674
148612
148698
148707
148737
148930
149094
150402
150437
150960
150978
151518
152654
153530
154159
154711
155026
155705
156034
156215
156296
156610
157086
157513
157566
157692
158672
158762
159203
159856
160584
160626
160654
160723
161193
161304
161370
161606
162050
162051
162153
163432
164123
165022
165145
165776
166094
166442
166885
168127
168243
168263
168446
168558
169760
170037
170423
170539
170693
171744
171867
172155
172241
173535
173711
174049
174528
175507
176163
176276
178015
179158
179200
179743
179827
180101
181760
182642
182975
183108
183418
183728
184305
184993
185407
186012
186389
186799
187115
187135
187159
187557
187622
187980
188177
188338
188398
188818
189220
189734
189853
190252
190409
190679
190766
191005
191513
191701
191754
191962
192434
192506
193811
194439
195133
195186
195319
196017
196312
196358
196477
197037
197352
199133
199293
199340
199571
199914
201025
201177
201231
201548
201597
202490
203099
203242
203533
203794
204131
204245
204553
205229
205371
205708
206103
206858
208501
208529
208789
209798
210110
210555
211556
212155
212393
212956
213857
214638
214825
215100
215405
215407
215520
215689
219382
219497
219582
219922
220171
221321
221420
221685
221901
223104
223939
224099
224158
224300
224496
224824
225064
226082
226129
226855
228782
229170
229562
229646
230097
230156
230159
230556
230779
230830
231111
232042
232716
232768
233067
233922
234295
234430
234730
235020
237114
238868
239641
240796
241404
241578
241658
241850
242096
242352
242455
242720
242827
243476
243654
244103
244105
245038
245435
245598
245687
245889
246061
246168
246264
246650
246722
247089
247789
247797
248244
248602
248603
248630
248724
248929
248934
249633
249680
250501
250867
250991
251018
251358
252945
253196
253534
253801
253948
255067
255099
257321
257654
259313
259709
259876
259949
259992
260674
260703
261040
261116
261278
261666
261940
262120
262496
263016
263322
263390
264026
264085
264291
264292
264501
264951
265325
265537
265950
266178
266390
266690
267080
267304
268334
268701
268863
269335
269780
269900
270023
270321
270401
270469
270479
271348
271378
271467
271921
272344
272458
273535
273825
274433
274660
274903
275511
275811
276217
276438
276567
276575
276917
276950
277041
277629
277687
277905
278202
278359
278376
278644
278761
278794
279063
279141
279402
280186
280817
280995
281105
281567
282258
282506
282708
282818
283005
283681
284859
285278
285331
285502
285651
285936
285972
285995
286505
286567
286574
286585
286792
287086
287429
287929
287950
288549
288606
290320
291030
291395
291412
291653
291860
292539
292661
292667
292776
293112
293363
293626
294080
295043
295114
295182
295188
295295
295952
296691
296889
296951
298922
299012
299042
299115
299400
299802
300443
300911
301195
301269
301349
301626
302336
303128
303148
303294
303874
303926
304372
304529
304667
304714
304904
305114
305210
305889
306018
306345
306641
307163
307277
307277
307555
308415
309348
309623
309626
310448
311105
311247
311417
311668
311691
311838
312758
312830
313128
313141
313678
314001
314993
315425
315637
315874
315977
315982
316136
316202
317465
318681
319795
319987
320679
320819
321374
321636
321668
322151
322481
322501
322680
323385
323499
323499
323662
323730
323750
324660
325026
326131
326378
328635
328718
328817
328852
329119
329175
329580
329638
330199
330577
330713
331027
332121
332392
332537
332695
333398
333656
334217
334406
334867
335594
335699
335866
336332
336424
337280
337476
337977
338170
339428
339572
339733
339903
340226
340470
340787
341299
341633
342168
342232
342967
343055
343391
343472
343831
344526
346129
346377
346967
347596
348251
348679
349652
349810
350312
350427
350802
350938
351186
352077
352100
352545
353590
353722
353854
354252
354660
355319
355567
355838
355921
357215
357523
358101
359024
359227
359365
359888
360041
361257
361394
361923
362150
362605
362891
363054
363109
363304
363754
364284
364312
364361
365172
365275
365545
365669
365722
366512
366840
367724
368008
368360
368606
368721
369051
369182
369645
370386
370817
371336
372050
372117
372760
372938
373027
373291
373849
374827
374864
375118
375192
375557
376573
376731
376947
378058
378948
379026
379693
379725
379858
379959
380610
380681
381371
381497
383626
383827
384673
385870
386395
386741
387044
387459
387585
387722
387815
388385
389168
390211
390304
390389
391019
391100
391158
391854
392242
392821
393351
394778
395312
396638
396798
397631
397953
399237
399282
399959
400464
400526
401158
401897
402545
402697
403069
403302
405046
405050
405298
405377
405950
406140
406504
407008
407177
407531
407589
408464
408589
410037
410064
410991
411482
412350
412385
412467
412939
413756
413949
414124
414385
414614
414643
414671
414796
415758
415798
415822
416261
416534
417601
418152
418423
418729
418937
419621
419884
419952
420151
420194
420577
420837
421443
421560
421930
422169
422285
423298
423901
424331
424370
424758
425024
425193
425410
426514
426980
427144
427429
428599
429517
429562
429780
430356
430433
430442
431194
431972
431990
432144
432144
432483
432500
432614
433036
433577
434067
434119
434765
434795
434932
435145
435363
436108
436410
436598
437171
437359
437959
438098
438528
439202
439495
439537
439945
441140
441328
441528
442552
442601
443248
443472
443549
444143
444302
444329
444636
445056
445480
445968
446498
447115
447587
447889
448311
449849
449915
450849
451485
451488
451510
452270
452815
452855
453514
453655
454467
454641
455435
456031
456330
456361
456939
458778
459249
459264
460133
460681
460906
462218
462886
463547
463737
463910
464593
465040
465350
465841
466267
466504
467135
467505
467975
468268
468272
468347
468437
468807
468904
469153
469675
469825
470267
470702
470868
471359
471729
471903
471933
473972
474555
474625
475028
475266
475307
476249
476331
476713
477286
477532
477689
478002
478025
478187
479083
479302
479614
479821
481011
481021
481557
481871
482026
482104
482147
482587
482609
482618
483128
483647
483734
484017
484372
485729
486230
486335
486563
487421
488480
488800
489436
489496
489661
490878
490952
491104
491780
491797
492430
492560
493251
493331
493665
493901
494259
494458
494633
495018
495506
495698
496185
496214
496475
496922
496976
497527
497893
499342
499644
499676
500058
500601
500611
500613
500859
501078
501704
502114
502541
502829
503227
503327
503765
504231
504306
504918
505033
505050
505610
506280
506886
507431
507500
507720
508096
508597
509698
510100
511238
511620
511753
511825
511896
511970
511994
512103
512165
512184
512474
512637
512822
513194
513383
513636
514187
515403
516070
516214
516668
517317
517374
517647
517817
517904
518039
518472
518751
518770
520380
520599
520888
520970
520974
521077
521646
522249
522577
522650
523368
524190
524728
524838
524935
525393
526205
526879
527737
528466
528795
530858
530966
531010
531685
534977
535548
536455
536502
536956
537117
538748
540145
540227
540531
541170
541211
541953
542092
542348
542599
544619
544817
545200
545399
545586
545857
546763
546945
547592
547687
547840
548154
548196
548366
548442
548848
550352
550687
552199
552230
552629
553088
553425
553734
553919
554065
554129
554340
555066
555115
555412
555480
555700
555756
556187
556201
556311
557105
557305
557502
557645
557789
557996
558633
558703
559263
561194
561677
562973
564404
564989
565265
565288
565756
565857
566167
566215
566710
566720
566936
567130
567787
567986
568575
568863
569065
569208
569885
569993
570180
570982
571469
571617
571937
571975
572003
572040
572499
573245
573525
573525
574119
574145
574567
574610
575089
575263
576158
576218
576240
577120
577143
577180
577623
577738
577851
578397
579372
579432
579975
581068
581189
582016
582916
583957
585594
586131
587744
588353
589384
590371
590841
591428
591500
592237
592399
593762
594293
594788
595579
596128
596145
597029
597057
597276
597594
597791
597900
597978
598237
598832
598925
599208
599408
599489
600207
600220
601040
601443
601855
605450
605770
606755
607306
608046
608597
609224
609652
610119
610834
611371
611449
611604
611759
611761
611860
612161
612443
612492
612998
613047
613274
613895
614441
614899
614969
614978
615331
615392
615482
615731
616519
617195
617347
617669
617883
618159
618318
618680
618814
618925
619219
619271
620124
620604
620750
621174
621697
622270
622625
622888
622958
623249
624277
624300
624865
625895
626214
626793
626925
626984
627394
628539
629200
629352
629381
630037
630501
630670
630725
631342
631619
631812
631987
632349
632873
632884
633869
633979
634161
634165
634317
635500
635933
636549
636687
636882
637381
637696
638000
638350
638604
638638
638716
638789
639341
639558
640313
641158
641785
642873
643484
643698
643715
644335
644790
644950
644975
645188
645287
645585
645819
645838
648120
648183
648304
648822
649352
649471
649706
650961
651494
651542
652445
654611
654748
655495
655537
655546
655853
656255
656716
657388
657402
657508
658284
658355
658496
658502
659528
659547
660562
660570
661019
661033
661431
661937
662061
662612
662622
663088
663140
663171
663369
664188
664921
665014
666557
667221
667563
667673
667737
668470
670246
670572
670722
671611
673209
673492
673722
675546
675778
676104
676401
676670
677000
677116
677981
678018
678023
678791
679496
679667
679785
680011
681734
681754
681802
681862
682199
682452
683498
683842
684527
684652
685415
685760
686726
687185
687442
687567
687620
688748
689116
689360
689794
690091
690854
691627
692196
692437
692603
693175
693504
693758
695055
695250
696664
697550
697943
697977
698176
698277
698312
698681
698940
699356
699943
700688
700811
701722
701977
702002
702609
702797
702924
704158
704281
704647
705070
705694
705778
705965
706212
706346
707410
707459
707511
707906
708051
709293
709438
710511
711027
711318
711709
712193
712858
713992
714196
714286
714599
715076
715384
715640
716015
716213
716949
717111
717252
718117
718235
718825
719361
719397
719455
719554
720892
721158
721260
721651
721915
721975
722549
722698
722897
723068
723285
723365
723394
723619
723781
723822
724032
724288
725157
725440
725748
726078
726350
726355
726486
726727
727447
727480
727592
727942
728247
728394
728568
729377
729892
730046
730415
731064
731697
731899
731973
732662
733156
733182
733797
733808
734972
735024
735285
735492
735670
735984
737275
737805
738603
739463
739596
740381
740461
740678
741080
741122
741187
741515
741982
742216
742628
742673
743009
743083
743473
743924
744621
745009
745571
746350
747704
748723
749257
749448
749936
750082
750126
750242
750862
751043
751343
751569
751662
751699
752135
752352
753479
754022
754260
754430
755009
755410
756969
758047
758436
758523
758766
758988
759462
759607
759766
759810
760116
760594
761086
761188
762184
762439
762874
762919
763538
763835
764518
764562
764769
764787
765244
765248
765647
765684
765994
766080
766140
766484
767109
767447
768382
768766
769022
769064
769210
769905
770341
770628
770790
770803
770810
771128
771649
772392
772646
772958
773089
773522
774376
774539
774615
776410
776704
777051
778007
778466
778578
778664
778837
778934
779628
780010
780572
780854
780906
781099
781255
781758
782963
783511
783787
784305
784310
784357
784490
785832
786134
787587
787609
788354
788414
788969
789578
790294
790619
790814
791011
791019
791761
791826
791971
791999
792040
792248
792374
792707
793080
793121
793407
793586
793624
794802
795184
795293
796158
796191
796192
796505
796913
797176
797219
797561
798168
798389
799225
800516
800754
801112
801307
801425
801448
801608
802320
802789
802861
802886
804074
804326
804391
804713
804886
805438
806798
806886
807007
808178
808180
808455
808607
808938
809150
809157
809537
810072
810575
810861
811033
812099
812720
812979
813072
813623
814003
814343
815203
815308
815487
815633
816568
816654
816707
817027
818365
818433
819232
819779
819857
820507
821572
822144
822185
822557
822712
823661
823695
824741
825005
825158
825404
825585
825625
825945
825959
826248
826500
826789
827010
827186
827640
827875
827904
828749
830312
830374
831098
831487
831851
831858
831872
832166
832972
833104
833368
833377
834159
834963
835004
835163
835974
836213
836604
837160
837249
837385
837399
837754
837849
838161
838307
838348
838394
839065
839694
840033
840042
840360
840468
840732
841159
841351
841778
841941
842043
842996
843200
843759
844517
845183
845471
845755
845878
846430
846868
846950
847700
847897
848025
848603
848623
850047
850335
850659
850661
851538
851807
851809
851885
852343
852844
852959
853239
853412
853713
853794
854084
854281
854747
854776
854858
855443
856916
857275
857398
857477
857540
857572
858596
858674
858791
859649
860189
860209
860523
860553
860691
861774
862227
862867
863907
864285
864563
864916
865050
865262
865335
865784
867006
867717
867717
867741
867835
868003
868232
868403
868689
869013
869397
869882
869941
869963
870179
870347
870754
870828
870967
871053
871131
871292
871557
873969
874028
874574
874657
875510
876464
876680
876780
877201
878743
880153
880161
880212
881757
881937
882251
883355
883997
884051
884080
884304
884412
884485
885952
886125
886690
886964
887198
887533
887644
887655
888275
888645
889859
890174
890759
891029
891772
891779
891958
892761
892957
893241
893742
894030
894133
894837
895000
895259
895481
895601
895991
896867
897584
897799
897808
898437
898645
898759
898973
899421
899462
900905
900947
901421
901825
902012
902276
902574
902907
903002
903898
904219
904898
905053
905304
906611
906907
907029
907118
907129
907289
907353
907870
908168
908463
908947
909362
910531
910728
910862
911172
911539
911655
912304
913448
914113
914495
914933
914986
915482
915628
916899
917233
917665
917791
918000
918252
918490
918741
919386
919571
920172
920779
921462
922238
923068
923755
923982
924425
926053
926201
927088
928138
928260
928379
928476
929018
929767
929847
930322
930705
933761
934086
934273
934387
935094
935662
936358
937229
937397
937424
937509
938498
938550
939694
940553
941093
941120
941438
941539
942054
942547
943900
943955
944634
945368
945594
945663
945817
947553
947692
948057
948076
948504
948517
949198
950338
951121
951570
951581
951808
952005
952678
953259
953412
953859
954277
954613
954623
955476
955503
955728
955965
956403
957697
957834
958183
958262
958445
959058
959100
959224
959591
959806
959819
959932
959939
960287
960875
960925
960949
961148
962505
962548
962574
962643
963272
963521
963598
963877
964700
964746
964821
965354
965845
966326
966456
966530
966830
966984
967566
968472
969167
969193
969756
969968
970245
970340
970809
972434
972679
972864
973013
973024
973867
973997
974433
975139
975140
975190
975255
975340
978457
978906
979275
979729
980073
980078
980139
980156
980874
980993
981284
981870
982091
982135
982551
982908
983255
983500
983686
984025
984247
984267
984579
984799
985429
985918
987820
988139
988591
988735
988944
989679
990130
990401
990486
990557
991162
991336
991635
992098
992319
992625
993349
993780
993781
995327
995790
996011
996314
996379
996650
996948
997277
997372
997597
997749
997762
997916
998288
999013
999283
999862
999908
