-999829
-999506
-999500
-999417
-998859
-998668
-998232
-998151
-998042
-998003
-997644
-997520
-997170
-997053
-996889
-996698
-996517
-996377
-995923
-995483
-994566
-994424
-994389
-994207
-993650
-993391
-993095
-992604
-992317
-992184
-992178
-992158
-991752
-991522
-991430
-990888
-989957
-989954
-989594
-989449
-989362
-989314
-989222
-989113
-988943
-988387
-988237
-987642
-987566
-987435
-987186
-986682
-986476
-986330
-986264
-985477
-985403
-984957
-984272
-984226
-983707
-983603
-983381
-983185
-983080
-983050
-983031
-982790
-982184
-982177
-982128
-981776
-981761
-981712
-981612
-981376
-981137
-981076
-980456
-980224
-980147
-980078
-980001
-979665
-979534
-979532
-979394
-979013
-978858
-978814
-978656
-978485
-978452
-978389
-978251
-977967
-976391
-976250
-976157
-975969
-975836
-975668
-975128
-974576
-974541
-974340
-974317
-974309
-973779
-973166
-973098
-972813
-972325
-972245
-972140
-971348
-971345
-970827
-970769
-970457
-969694
-969633
-969589
-969542
-969332
-969134
-968812
-968471
-968111
-968049
-967980
-967712
-967346
-967063
-966961
-966923
-966210
-965996
-965921
-965578
-965544
-965148
-965133
-964993
-964934
-964089
-964071
-963358
-963266
-963123
-963117
-962878
-962873
-962626
-962542
-962246
-962115
-962050
-961883
-961814
-961812
-961486
-961377
-961214
-961052
-960469
-960427
-960190
-960126
-960009
-960006
-959975
-959815
-959743
-959385
-958989
-958961
-958916
-958595
-958449
-958431
-958268
-958239
-958233
-957941
-957872
-957567
-956930
-956840
-956834
-956643
-955677
-955669
-955560
-955011
-954985
-954698
-954211
-954088
-954085
-954044
-953685
-953539
-953223
-953214
-953121
-952996
-951875
-951565
-951512
-951320
-951015
-950965
-950752
-950747
-950516
-949996
-949852
-949206
-948866
-948286
-948248
-948058
-948009
-947898
-947649
-947534
-946999
-946964
-946768
-946612
-946476
-946216
-946160
-946004
-945937
-945856
-945808
-945696
-945507
-945506
-944983
-944910
-944702
-944651
-944433
-944297
-944176
-943632
-943512
-943416
-943356
-943184
-942690
-942579
-942568
-942406
-942266
-942159
-941925
-941764
-941581
-941259
-941254
-940541
-940373
-940286
-940212
-939882
-938948
-938914
-938709
-938315
-938141
-938095
-937872
-937805
-937653
-937628
-937580
-937469
-937355
-937161
-937034
-936967
-936912
-936858
-936714
-936673
-936628
-936455
-936144
-935854
-935037
-934630
-934442
-934432
-934266
-933992
-933629
-933371
-933296
-932886
-932824
-932812
-932776
-932419
-931996
-931879
-931538
-931358
-930961
-930923
-930736
-930677
-930435
-930204
-929951
-929889
-929868
-929780
-929616
-929495
-929011
-928713
-928507
-928336
-928251
-927662
-926280
-926133
-926075
-926074
-926033
-925925
-925837
-925525
-925348
-925202
-925078
-925076
-924534
-924406
-924306
-924036
-923881
-923471
-923340
-923271
-923001
-922921
-922785
-922158
-922118
-922037
-922013
-921681
-920992
-920964
-920608
-920281
-920191
-920097
-920053
-919697
-919446
-919441
-919314
-919054
-918538
-918363
-918130
-918068
-917858
-917833
-917456
-917362
-917249
-917246
-916896
-916789
-916600
-915762
-915734
-915525
-915039
-914741
-914169
-913774
-913422
-913249
-913190
-913110
-912540
-912338
-912203
-912164
-912124
-911946
-911876
-911598
-911594
-911458
-911396
-910941
-910880
-910786
-910730
-910727
-910584
-910108
-909981
-909923
-909790
-909716
-909619
-909577
-909444
-908980
-908926
-908866
-908778
-908743
-908165
-907843
-907693
-907602
-907495
-907410
-907364
-907220
-907059
-906945
-906326
-906308
-906243
-905538
-905532
-905522
-905314
-905230
-904912
-904877
-904849
-904782
-904442
-904160
-904007
-903228
-902895
-902650
-902575
-902138
-901713
-901496
-901263
-901259
-901199
-900861
-900800
-900605
-900284
-899824
-899510
-899350
-899227
-899137
-899031
-898710
-898704
-898694
-898609
-898383
-898377
-898114
-897869
-897183
-896863
-896644
-896428
-896287
-896187
-896178
-896092
-895830
-895635
-895629
-895408
-894698
-894470
-894350
-894291
-894217
-894141
-894104
-893356
-892655
-892509
-892392
-892158
-891747
-891542
-891366
-891223
-891201
-891177
-890703
-890619
-890112
-890065
-889992
-889541
-889484
-889280
-889197
-889182
-888948
-888745
-888509
-888461
-888390
-888145
-888017
-887921
-887904
-887772
-887729
-887408
-887204
-887027
-886477
-886464
-886451
-886089
-886037
-885971
-885903
-885668
-885493
-885276
-884980
-884949
-884810
-884662
-884506
-884350
-884133
-883976
-883431
-883322
-882860
-882537
-882498
-882448
-882353
-882194
-881815
-881652
-881527
-881427
-881355
-881273
-881201
-881069
-880798
-880714
-880607
-880299
-880281
-879984
-879887
-879859
-879711
-879304
-879226
-879064
-878612
-878548
-878441
-878428
-878058
-877983
-877957
-877674
-877623
-877580
-877286
-877029
-876955
-876911
-876445
-876392
-876253
-876125
-876095
-875989
-875880
-875404
-875044
-874688
-874472
-874387
-874376
-874157
-874145
-873892
-873786
-873771
-873769
-873597
-873584
-873462
-873387
-872969
-872885
-872794
-872675
-872542
-872387
-872373
-872144
-872048
-871923
-871911
-871687
-871675
-871669
-871489
-871332
-871078
-870852
-870122
-869971
-869914
-869767
-869596
-869468
-869427
-868993
-868953
-868634
-868461
-868330
-867711
-867629
-867487
-867426
-867281
-867155
-867104
-867084
-866895
-866657
-866546
-866349
-866148
-866038
-865556
-865323
-864890
-864861
-864471
-864447
-864342
-864204
-864186
-863953
-863580
-863542
-863416
-863167
-863116
-862814
-862318
-861732
-861679
-861373
-860907
-860859
-860657
-860581
-860517
-860302
-859643
-859399
-859326
-859289
-859262
-859201
-859046
-858977
-858974
-858475
-858369
-857728
-857698
-857669
-857189
-856825
-856785
-856536
-856290
-855832
-855765
-855572
-855486
-855456
-855327
-855120
-855091
-854781
-854702
-854307
-854268
-854229
-854164
-854074
-853909
-853249
-852778
-852000
-851973
-851911
-851887
-851684
-851658
-851463
-851459
-851428
-851053
-850867
-850832
-850748
-850122
-850057
-850046
-849903
-849518
-849116
-849100
-848916
-848905
-848592
-848355
-848254
-847792
-847148
-846258
-846198
-846109
-846018
-845866
-845858
-845632
-845377
-845205
-845081
-844610
-844348
-843940
-843795
-843699
-843557
-843393
-843238
-843071
-842942
-842645
-842423
-842281
-842229
-842180
-841811
-841810
-841795
-841644
-841560
-841097
-840350
-840315
-839842
-839297
-839292
-839020
-838904
-838861
-838729
-838381
-838275
-838229
-838085
-838054
-838037
-837971
-837821
-837672
-837583
-836924
-836841
-836254
-835962
-835920
-835909
-835681
-835305
-835176
-834822
-834638
-834398
-833848
-833660
-833582
-832907
-832647
-832554
-832495
-831937
-831617
-831443
-831437
-831310
-831212
-831061
-830882
-830870
-830646
-830626
-830576
-830564
-830267
-830201
-829708
-829574
-829377
-829042
-828754
-828646
-828642
-827969
-827927
-827442
-827378
-827291
-826888
-826767
-826470
-826460
-826170
-825902
-825857
-825655
-825367
-825349
-825241
-825093
-824921
-824688
-824620
-824491
-824076
-823943
-823747
-823735
-823109
-823099
-823086
-822829
-822790
-822711
-822339
-822241
-821644
-821043
-820887
-820824
-820721
-820630
-820413
-820132
-819872
-819384
-819275
-819202
-819064
-819055
-818948
-818943
-818920
-818766
-818758
-818699
-818660
-818340
-817920
-817696
-817269
-817249
-817104
-817055
-817050
-817034
-817034
-816905
-816731
-816550
-816545
-816223
-815403
-815375
-815312
-815110
-814597
-814563
-814401
-814350
-814269
-814013
-813633
-812959
-812719
-812669
-812523
-812231
-812107
-811736
-811563
-811416
-811414
-811254
-810992
-810964
-810721
-809964
-809818
-809406
-808946
-808528
-808250
-808072
-807726
-807724
-807612
-806534
-806473
-805798
-805518
-805516
-805310
-805259
-805090
-804791
-804312
-804263
-804097
-804050
-803802
-803546
-803303
-803224
-802108
-801973
-801890
-801252
-800823
-800416
-800406
-799766
-799617
-799452
-799361
-799201
-799178
-799177
-799138
-799072
-798692
-798525
-798376
-798340
-797908
-797848
-797815
-797551
-797354
-797350
-797276
-796991
-796819
-796452
-796323
-796273
-796254
-796008
-795433
-795288
-795123
-794999
-794863
-794818
-794386
-794036
-794027
-793953
-793926
-793872
-793803
-793587
-793518
-793466
-792728
-792552
-792494
-792441
-792333
-792298
-791812
-791786
-791742
-791736
-791337
-791104
-791100
-790999
-790981
-790888
-790725
-790539
-790066
-790011
-789925
-789831
-789139
-788380
-788114
-788069
-787607
-787597
-787458
-787316
-787223
-786901
-786825
-786678
-786553
-786328
-785854
-785583
-785580
-785451
-784771
-784293
-784211
-783387
-782930
-782719
-782703
-782509
-782387
-782212
-781861
-781507
-781270
-781129
-781095
-781076
-780913
-780534
-780105
-780068
-779917
-779571
-779505
-779387
-778805
-778803
-778759
-778676
-778666
-778526
-778462
-778382
-778226
-777558
-776996
-776806
-776690
-776518
-776164
-776067
-775868
-775765
-775513
-775432
-775242
-775019
-774851
-774562
-774449
-774338
-774163
-774068
-773848
-773806
-773551
-773543
-772995
-772913
-772867
-772817
-772306
-772183
-771788
-771591
-771415
-771121
-770893
-770830
-770766
-770476
-770470
-770423
-770242
-770051
-769973
-769551
-769515
-769297
-769230
-769209
-769109
-768801
-768787
-768728
-768690
-768653
-768573
-768553
-767124
-765642
-765020
-765016
-764872
-764838
-764705
-764514
-764487
-764363
-764025
-763972
-763585
-763384
-762907
-762610
-762289
-761936
-761875
-761540
-761479
-761457
-760991
-760950
-760869
-760632
-759953
-759623
-759344
-759319
-759011
-758214
-758188
-757866
-757696
-757560
-757422
-757286
-757210
-757145
-756851
-756847
-756700
-756519
-756447
-756408
-756102
-755612
-755478
-755463
-754846
-754835
-754554
-754056
-753915
-753763
-753237
-753199
-753086
-752949
-752833
-752645
-751954
-751722
-751712
-751699
-751241
-751190
-751180
-751040
-750998
-750840
-750809
-750784
-750648
-750368
-750151
-749960
-749664
-749317
-749028
-748884
-748639
-748521
-748086
-748036
-747899
-747620
-747444
-747299
-746869
-746549
-746462
-746392
-746327
-746322
-745965
-745756
-745728
-745580
-745342
-745286
-745098
-744887
-744687
-744608
-744522
-744088
-743782
-743661
-743469
-743329
-743321
-743162
-743122
-743048
-743035
-742907
-742670
-742589
-742392
-742357
-741773
-741716
-741629
-741318
-740855
-740671
-740622
-740604
-740554
-740407
-739990
-739691
-739251
-738805
-738749
-738272
-738247
-738151
-737603
-737487
-737148
-736720
-736599
-735523
-735272
-735075
-734970
-734801
-734764
-734748
-734729
-734590
-734589
-734336
-734307
-734132
-733750
-733379
-733327
-733051
-732610
-731947
-731833
-731816
-731703
-731179
-730989
-730737
-730544
-729930
-729691
-729602
-729569
-729445
-729432
-729223
-729135
-729072
-728887
-728241
-727929
-727619
-727488
-726878
-726721
-725854
-725437
-725269
-725187
-724968
-724585
-724478
-724329
-724191
-724076
-724073
-724044
-723865
-723751
-723623
-723566
-723532
-723497
-723469
-723431
-723414
-723336
-723234
-723207
-723055
-722894
-722730
-722516
-722462
-722186
-722077
-722008
-721973
-721948
-721932
-721862
-721684
-721503
-721479
-721083
-721006
-720526
-720506
-720463
-720123
-719755
-719153
-719130
-719028
-718913
-718567
-718212
-717915
-717766
-717216
-716860
-716697
-716641
-716360
-716222
-714731
-714595
-714594
-714300
-714259
-714258
-713995
-713611
-713563
-713253
-713211
-713139
-713012
-713007
-712921
-712915
-712278
-711638
-711153
-711126
-711072
-710752
-710694
-710515
-710286
-709798
-709362
-709159
-708882
-708591
-708309
-708192
-708174
-707983
-707863
-707523
-707242
-707153
-707051
-706906
-706006
-705930
-705782
-705524
-705211
-705007
-704942
-704209
-704182
-704112
-703852
-703582
-703581
-703494
-703481
-703000
-702765
-702721
-702391
-702325
-701974
-701907
-701864
-701723
-701164
-700959
-700851
-700768
-700679
-699437
-699318
-699016
-698490
-698124
-697470
-697227
-696972
-696918
-696831
-696100
-696093
-695443
-695301
-695099
-694927
-694921
-694795
-694783
-694551
-694376
-694365
-693948
-693851
-693670
-693384
-693300
-693007
-692684
-692461
-692238
-692064
-691991
-691908
-691794
-691602
-691128
-691019
-690596
-690579
-690521
-690423
-690192
-689903
-689749
-689632
-689523
-689345
-689213
-689192
-689000
-688966
-688934
-688802
-688504
-688498
-688405
-688074
-688028
-687990
-687818
-687770
-687718
-687661
-687652
-687286
-687248
-687166
-687045
-686900
-686892
-686679
-686552
-686321
-686256
-686123
-686094
-686082
-686082
-685466
-685053
-684802
-684775
-684604
-684347
-684027
-683926
-683652
-683474
-683350
-683252
-683237
-682938
-682705
-682640
-682287
-682119
-682058
-681561
-681333
-681331
-680970
-680835
-680232
-679932
-679845
-679833
-679332
-679171
-679117
-679095
-678719
-678273
-677779
-677719
-677283
-676815
-676811
-676407
-676194
-676172
-676083
-676013
-676012
-675809
-675513
-675449
-674967
-674903
-674789
-674723
-674090
-673763
-673132
-673041
-673031
-672968
-672962
-672878
-672810
-672762
-672669
-672487
-672319
-672098
-671860
-671719
-671366
-671104
-671065
-670877
-670876
-670861
-670767
-670608
-670420
-670377
-669671
-668799
-668386
-668348
-668285
-668147
-667848
-667718
-667421
-667402
-667300
-667127
-666718
-666699
-666579
-666398
-666262
-666162
-665964
-665901
-665297
-664710
-664393
-664204
-663846
-663539
-663514
-663253
-663090
-662293
-662149
-662023
-661506
-660750
-660597
-660390
-659651
-659463
-659161
-658752
-658732
-658582
-658535
-658253
-658248
-658128
-658110
-657921
-657875
-657847
-657777
-657770
-657050
-656987
-656934
-656594
-656566
-656523
-656416
-656093
-656077
-655980
-655973
-655730
-655467
-655450
-655370
-655053
-654775
-654340
-654257
-654212
-654139
-654015
-653976
-653717
-653569
-653497
-653456
-653192
-653118
-652997
-652763
-652609
-652573
-652424
-652413
-652085
-651780
-651680
-650871
-650761
-650702
-650276
-650104
-650078
-650069
-649998
-649907
-649457
-648744
-648676
-648477
-648476
-648455
-648309
-648096
-648072
-648064
-647818
-647547
-647472
-647260
-647184
-647106
-646973
-646900
-646681
-646545
-646414
-646296
-646070
-646011
-645910
-645825
-645667
-645653
-645575
-645511
-644977
-644919
-644656
-644429
-644423
-644201
-643941
-643803
-643659
-643631
-643493
-643140
-643124
-643093
-643040
-642585
-642486
-642406
-642220
-641999
-641389
-641354
-641083
-641063
-640732
-639446
-639395
-639328
-639308
-638880
-638693
-638550
-638508
-638310
-638203
-637761
-637697
-637582
-637394
-637219
-637019
-636790
-636530
-636261
-636134
-636105
-635511
-635464
-635139
-634931
-634910
-634480
-634062
-634024
-633860
-633517
-633249
-633167
-632995
-632957
-632769
-632656
-631753
-631714
-631321
-631284
-630809
-630512
-629893
-629580
-629448
-629313
-629313
-629202
-628949
-628772
-628694
-628664
-628634
-627515
-626620
-626620
-626470
-626231
-625905
-625858
-625758
-625725
-625548
-625437
-625339
-625330
-625310
-625302
-625244
-625116
-624776
-624704
-624667
-624172
-624127
-623827
-623621
-622481
-622387
-622078
-622024
-621828
-621667
-621570
-621347
-621297
-620966
-620923
-620869
-620743
-620648
-620529
-620354
-619873
-619832
-619617
-619556
-618845
-618765
-618730
-618399
-618373
-617997
-617882
-617784
-617366
-617363
-617030
-616785
-616740
-616688
-616686
-616670
-616635
-616560
-616134
-615768
-615644
-615357
-615323
-614881
-614865
-614707
-614648
-614581
-614220
-614169
-614063
-613882
-613215
-613132
-613132
-613053
-612663
-612051
-611803
-611802
-611148
-611113
-610307
-609698
-609534
-609326
-609262
-609074
-608898
-608827
-608704
-608585
-607855
-607774
-607372
-607323
-607321
-607272
-607248
-607113
-606692
-606226
-605827
-605801
-605788
-605688
-605601
-605187
-605173
-605122
-604956
-604435
-604429
-604381
-604348
-604125
-604087
-603847
-603584
-603553
-603485
-603421
-603360
-603233
-602866
-602464
-602110
-601031
-600995
-600723
-600033
-599936
-599896
-599762
-599571
-599229
-599138
-598995
-598708
-598493
-597985
-597873
-597844
-597603
-597390
-596979
-596749
-596644
-596625
-596527
-596397
-596261
-596124
-596124
-596062
-595973
-595850
-595835
-595478
-595309
-594889
-594779
-594680
-594587
-594502
-594228
-594039
-593891
-593611
-593540
-592922
-592912
-592899
-592845
-592679
-592660
-592469
-591710
-591461
-590971
-590672
-590482
-590386
-590054
-589967
-589711
-589694
-589677
-589373
-589254
-589224
-589168
-589021
-588974
-588936
-588809
-587910
-587862
-587568
-587307
-587233
-586524
-586506
-586335
-586295
-585929
-585855
-585534
-585418
-585396
-585335
-584845
-584837
-584630
-584413
-584284
-584108
-583309
-583245
-583022
-582904
-582588
-582497
-582180
-582002
-581964
-581865
-581248
-581247
-581150
-581113
-580941
-580893
-580674
-580589
-580224
-580165
-580044
-579967
-579748
-579728
-579727
-579639
-579376
-579373
-579180
-578690
-578655
-578481
-578348
-578308
-577829
-577449
-577359
-577308
-577094
-577088
-577055
-576881
-576690
-576333
-576081
-576011
-575679
-575484
-575269
-575041
-574653
-574619
-574569
-574561
-573697
-572820
-572564
-572176
-572022
-571722
-570895
-570520
-570210
-570050
-569668
-569494
-569439
-569266
-568801
-568744
-568676
-568582
-568527
-568307
-567103
-566613
-566475
-566245
-565950
-565937
-565893
-565401
-565352
-564883
-564827
-564551
-564390
-564263
-564214
-563464
-563005
-562955
-562788
-562170
-561520
-561306
-561223
-561191
-561168
-560567
-560483
-560211
-560133
-560081
-560066
-560014
-559814
-559357
-558853
-558830
-558805
-558583
-558560
-558157
-558073
-557922
-557452
-557397
-557218
-557168
-556876
-556859
-556558
-556511
-556108
-556081
-556010
-555802
-555619
-555170
-555083
-553810
-553794
-553756
-553239
-552685
-552624
-552526
-552482
-552292
-552113
-552069
-552033
-551964
-551126
-550989
-550947
-550241
-550014
-549942
-549780
-549777
-549739
-549596
-549548
-549436
-549019
-548992
-548794
-548408
-548369
-547883
-547748
-547594
-547272
-547238
-546971
-546956
-546873
-546666
-546437
-546413
-546073
-546015
-545928
-545706
-545686
-545626
-545400
-545380
-544866
-544668
-544622
-544276
-544015
-543891
-543308
-543267
-543184
-542482
-542236
-542144
-541712
-541466
-541181
-541058
-541051
-540817
-540686
-540528
-540240
-540212
-539748
-539628
-539613
-539503
-539204
-539071
-538955
-538903
-538631
-538508
-538415
-538194
-538159
-538071
-538023
-537755
-537607
-537562
-537235
-537132
-536934
-535812
-535578
-535051
-534689
-534557
-534494
-534443
-534416
-534289
-534106
-533861
-533442
-533319
-533012
-532841
-532497
-532294
-532214
-531657
-531638
-531419
-531345
-531294
-531133
-530952
-530885
-530759
-530703
-530367
-530190
-530065
-529658
-529609
-529586
-529094
-528991
-528317
-528104
-527877
-527730
-527392
-527375
-527092
-526943
-526815
-526707
-526125
-526082
-526026
-525297
-525117
-524924
-524349
-524303
-523753
-523748
-523740
-523450
-523376
-523246
-523171
-523018
-522668
-521864
-521861
-521839
-521758
-521575
-521541
-521053
-521040
-520700
-520414
-520411
-519926
-519892
-519853
-519825
-519649
-519468
-519433
-519173
-519002
-518826
-518569
-518451
-518065
-517962
-517769
-517718
-517612
-517084
-516936
-516712
-516623
-516578
-516151
-516134
-515879
-515498
-515179
-515041
-514930
-514507
-514395
-514387
-514325
-514321
-514128
-514118
-513755
-513733
-513713
-513533
-513507
-513491
-513272
-512420
-512287
-512271
-512031
-511858
-511668
-511136
-510813
-510449
-510337
-510282
-510120
-510050
-509978
-509767
-509669
-509644
-509603
-509153
-508833
-508746
-508460
-508437
-508111
-507759
-507661
-507571
-507470
-507417
-507190
-506116
-506104
-506102
-505357
-505265
-505252
-504935
-504906
-504878
-504763
-504455
-504349
-504178
-504087
-503812
-503732
-503674
-503553
-503553
-503324
-503297
-503291
-502922
-502821
-502783
-502464
-502282
-502270
-502129
-502127
-501730
-501680
-501471
-501439
-501144
-501125
-501019
-500942
-500874
-500823
-500732
-500640
-500585
-500308
-500030
-499743
-499305
-499172
-499118
-498878
-498647
-498475
-498217
-497750
-497640
-497581
-497546
-497491
-497330
-497307
-496986
-496928
-496648
-496621
-496593
-496525
-496147
-496056
-496052
-495780
-495317
-495162
-494990
-494942
-494718
-494524
-494278
-494179
-493849
-493573
-493413
-493390
-493297
-493220
-492974
-492821
-492767
-492511
-492440
-491917
-491624
-491397
-491369
-491143
-491096
-490965
-490589
-490177
-490141
-489527
-489417
-489370
-489275
-489234
-489023
-488904
-488795
-488702
-488568
-488471
-488316
-487525
-487460
-487106
-486581
-485899
-485555
-485310
-484899
-484705
-484701
-483471
-483128
-482652
-482255
-482255
-482247
-482175
-481820
-481728
-481596
-481552
-481439
-481344
-481315
-481262
-481187
-480830
-480824
-480823
-480609
-480353
-480278
-479868
-479526
-479365
-478259
-478128
-477668
-477519
-477261
-476966
-476956
-476824
-476808
-476525
-476334
-476249
-476070
-475828
-475599
-475591
-475505
-475216
-474998
-474867
-474850
-474744
-474704
-474181
-474081
-474073
-473896
-473802
-473649
-473560
-473488
-473134
-473062
-472395
-472335
-472238
-472230
-471972
-471297
-470845
-470487
-470439
-469771
-469571
-469561
-469364
-469203
-468827
-468597
-468317
-467463
-467339
-467292
-467220
-467008
-466172
-466165
-465969
-465908
-465630
-465378
-465321
-464859
-464380
-464224
-464046
-463384
-463277
-463179
-462691
-462632
-462448
-462085
-461803
-461719
-461437
-461278
-461105
-460795
-460679
-460586
-460471
-460351
-460222
-459141
-458963
-458783
-458748
-458683
-458563
-458530
-458487
-458264
-457903
-457883
-457782
-457688
-457471
-457394
-457359
-457247
-456867
-456855
-456702
-456444
-456299
-456141
-456037
-456010
-455843
-455697
-455684
-455504
-455248
-455148
-455075
-454948
-454799
-454711
-454406
-454393
-454203
-453908
-453648
-453255
-453170
-453067
-452939
-452573
-452202
-452152
-452095
-451816
-451410
-451265
-451109
-451099
-450395
-450195
-450087
-449728
-449626
-449212
-448742
-448595
-448501
-448475
-447777
-447381
-447294
-447191
-447161
-446914
-446846
-446691
-446390
-445808
-445800
-445775
-445533
-445506
-445171
-444906
-444470
-443974
-443632
-443218
-442963
-442880
-442781
-442546
-442170
-441961
-441938
-441926
-441924
-441696
-441688
-441671
-441612
-441426
-441028
-440820
-440729
-440728
-440405
-439888
-439817
-439653
-439454
-439036
-438306
-437794
-437767
-437734
-437452
-437320
-437016
-436271
-436224
-436137
-435856
-435304
-435241
-434784
-434448
-434372
-433783
-433557
-433350
-432976
-432588
-432581
-432520
-432311
-432280
-432191
-431812
-431618
-431402
-431247
-430872
-430583
-430360
-430062
-429827
-429419
-428940
-428931
-428800
-428676
-428458
-428183
-428074
-427992
-427960
-427539
-427534
-427173
-427018
-426677
-426521
-426447
-426011
-425928
-425630
-425554
-425505
-425458
-425309
-425136
-425088
-424729
-424540
-424519
-424518
-424090
-423848
-423626
-423605
-423427
-423390
-423264
-423224
-423190
-422998
-422934
-422571
-422410
-422143
-422105
-421689
-420851
-420826
-420751
-420427
-419982
-419966
-419621
-419385
-419380
-419336
-419300
-419118
-418870
-418867
-418825
-418483
-418302
-418206
-418148
-418069
-417800
-417688
-417516
-417402
-417105
-416670
-416420
-416380
-416246
-416202
-416000
-415929
-415580
-415411
-415341
-415187
-414953
-414690
-414561
-414371
-414068
-414034
-414030
-414012
-413975
-413353
-413200
-412713
-412521
-412462
-412111
-412097
-412074
-412057
-412038
-412034
-411965
-411860
-411349
-411211
-410723
-410565
-410110
-409648
-409502
-409207
-409113
-407983
-407430
-407322
-407303
-407183
-407078
-406962
-406890
-406843
-406298
-406132
-406025
-405774
-405724
-405639
-405485
-404843
-404645
-404483
-404405
-404292
-404080
-404066
-403971
-403881
-403732
-403531
-403477
-403449
-403415
-402820
-402706
-402626
-402464
-402340
-402182
-402118
-401357
-401339
-401110
-400984
-400927
-400922
-400796
-400630
-400590
-400555
-400460
-399920
-399842
-399752
-399627
-399617
-399597
-399433
-399376
-399355
-399278
-399021
-398945
-398855
-398719
-398681
-398587
-398539
-398387
-398191
-398160
-397559
-397444
-397154
-396347
-396149
-395929
-395397
-395360
-395307
-395206
-395085
-394980
-394886
-394774
-394493
-394246
-394245
-394152
-394070
-393936
-393886
-393790
-393572
-393320
-393192
-393031
-392716
-392625
-392151
-390354
-390153
-390041
-389737
-389709
-389489
-389405
-388845
-388682
-388538
-388460
-388428
-388324
-388149
-388116
-388096
-388060
-387988
-387937
-387518
-387469
-387309
-387093
-387046
-386947
-386879
-386786
-386620
-386348
-386175
-386134
-386015
-385689
-385567
-385361
-385275
-385193
-385024
-384563
-384539
-384521
-384261
-383817
-383689
-383680
-383226
-382501
-382463
-382313
-381646
-381379
-381310
-381278
-380946
-379998
-379896
-379518
-378994
-378904
-378897
-378701
-378432
-378089
-378077
-378060
-378054
-378046
-378009
-377841
-377698
-377371
-377220
-377017
-376950
-376928
-376848
-376621
-376617
-376531
-376486
-376401
-376361
-376222
-376022
-375545
-375305
-375290
-375153
-375064
-375015
-374925
-374728
-374585
-373975
-373896
-373823
-373544
-373518
-373088
-372866
-372605
-372329
-372325
-372258
-372006
-371928
-371676
-371590
-371558
-371415
-371389
-371074
-370760
-370290
-369854
-369598
-369550
-369482
-369445
-369367
-369110
-369106
-369036
-369002
-368939
-368927
-368762
-368660
-368324
-368281
-368280
-368088
-367803
-367317
-367117
-367064
-367035
-366986
-366732
-366601
-366512
-366218
-365957
-365655
-365565
-365260
-365257
-364988
-364871
-364845
-364781
-364697
-364660
-364347
-364332
-364016
-363880
-363878
-363790
-363684
-363514
-363445
-363403
-363338
-363292
-363246
-362523
-362262
-362255
-361969
-361484
-361175
-360956
-360810
-360729
-360609
-360571
-360431
-360278
-359865
-359793
-359343
-359317
-358526
-357907
-357235
-357231
-357221
-357157
-357125
-356934
-355790
-355681
-355650
-354805
-354556
-354211
-354069
-353880
-353844
-353349
-353123
-353115
-352762
-352510
-352156
-351503
-351461
-351394
-351289
-351071
-351055
-351049
-350430
-350253
-350174
-349854
-349755
-349751
-349560
-349433
-349173
-349108
-348770
-348129
-348062
-347851
-347577
-347527
-347275
-347091
-347065
-346896
-346811
-346770
-346497
-346456
-346384
-346243
-346205
-345972
-345824
-345809
-345650
-345466
-345333
-344605
-344086
-343864
-343862
-343245
-343214
-343139
-343136
-343085
-343009
-342950
-342579
-342332
-342316
-342024
-341601
-341551
-341052
-340408
-339265
-339000
-338878
-338503
-338400
-338042
-337702
-337433
-337155
-336947
-336309
-336246
-336000
-335541
-335462
-335047
-335001
-334904
-334821
-334774
-334454
-334372
-333934
-333841
-333423
-332826
-332665
-332642
-332381
-332341
-331082
-330926
-330913
-330895
-330674
-330542
-330073
-329728
-329644
-329619
-329528
-329141
-328777
-328671
-328536
-328340
-328089
-327212
-326567
-326260
-326215
-325752
-325359
-325306
-325189
-325102
-324929
-324920
-324762
-324703
-324652
-324641
-324632
-324625
-324478
-324109
-323718
-323457
-323439
-323302
-323234
-323114
-322699
-322468
-322155
-322042
-321876
-321761
-321623
-321495
-321319
-321162
-321135
-320750
-320528
-320521
-320370
-320071
-319967
-319904
-319647
-319516
-319176
-319015
-318731
-318667
-318556
-318505
-318396
-318325
-318209
-317603
-316948
-316942
-316628
-316283
-316127
-315694
-314778
-314622
-314566
-314548
-314480
-314410
-314259
-314185
-314102
-313979
-313946
-312934
-312570
-312545
-312506
-312449
-312386
-312356
-312050
-311927
-311686
-311612
-311543
-311486
-311317
-311251
-311102
-311099
-311079
-311016
-310992
-310698
-310190
-310062
-309093
-308650
-308481
-308398
-308261
-307996
-307914
-307540
-307391
-307282
-307247
-307142
-306355
-306302
-306206
-305992
-305589
-305578
-305140
-304893
-304691
-304675
-304416
-304374
-303843
-303539
-303245
-302966
-302893
-302002
-301952
-301828
-301574
-301398
-301206
-301152
-300973
-300716
-300484
-300272
-299829
-299702
-299307
-299232
-299209
-299163
-299075
-299070
-298949
-298824
-298379
-297742
-297674
-297313
-297221
-297066
-296743
-296679
-296581
-296562
-296521
-296508
-296404
-296308
-296187
-296185
-295991
-295446
-295391
-294981
-294841
-294710
-294468
-294251
-293477
-293143
-293117
-293048
-293035
-292964
-292886
-292738
-292632
-292317
-292256
-292138
-291928
-291814
-291765
-291084
-290948
-290866
-290231
-289677
-289659
-289645
-289593
-289585
-289551
-289203
-288696
-288656
-288484
-287923
-287917
-287851
-287817
-287756
-287718
-287662
-287641
-287335
-287200
-286821
-286630
-286523
-286276
-286263
-286224
-286022
-285523
-285290
-285029
-285020
-285001
-284873
-284798
-284677
-284551
-284548
-284341
-284148
-283965
-283718
-283656
-283297
-282936
-282343
-282282
-282273
-282238
-282171
-282024
-281825
-281330
-281246
-281038
-280979
-280963
-279847
-279603
-279118
-279087
-279083
-278979
-278861
-278860
-278770
-278710
-278407
-278226
-278165
-277635
-277557
-277475
-277444
-277337
-277111
-277054
-276996
-276262
-275575
-275347
-275337
-274726
-274674
-274672
-274471
-274292
-274222
-273754
-273720
-273180
-273106
-273099
-273095
-273037
-272860
-272844
-272798
-272753
-272614
-272405
-272244
-271940
-271837
-271828
-271697
-271554
-270954
-270844
-270838
-270799
-270748
-270626
-270565
-270517
-270485
-270075
-269733
-269689
-269549
-268564
-268390
-267733
-267733
-267460
-267195
-267022
-266976
-266932
-266846
-266686
-266591
-266375
-266159
-266141
-266070
-265900
-265850
-265820
-265800
-265765
-265624
-265557
-265182
-265044
-264866
-264818
-264732
-264731
-264504
-264395
-264381
-263811
-263782
-263742
-263631
-263192
-263006
-262988
-262626
-262288
-262236
-262128
-261878
-261876
-260922
-260280
-259819
-259715
-259466
-258756
-258754
-258550
-258450
-258419
-258359
-258032
-258029
-257832
-257822
-257766
-257515
-257278
-257202
-257007
-256983
-256132
-255537
-255438
-255118
-255094
-254256
-254088
-253825
-253799
-253771
-253482
-253129
-252623
-252307
-252177
-251517
-251477
-251200
-251068
-250886
-250759
-250286
-249845
-249498
-249187
-249166
-249040
-248576
-248386
-248325
-248273
-248240
-248185
-248105
-248010
-247960
-247589
-247502
-247356
-246927
-246703
-246687
-246665
-246314
-246275
-245788
-245619
-245473
-244496
-244489
-244129
-244012
-243949
-243599
-243316
-243036
-242936
-242749
-242626
-242536
-241964
-241910
-241488
-241473
-241058
-240988
-240693
-240385
-240082
-240042
-239642
-239536
-239363
-239262
-239185
-238896
-238294
-237971
-236643
-236143
-235984
-235929
-235916
-235851
-235788
-235717
-235534
-235428
-235398
-235386
-235342
-235304
-235171
-234986
-234778
-234757
-234430
-234348
-233620
-233440
-233368
-232858
-232666
-232479
-232052
-231805
-231794
-231619
-231092
-230892
-230754
-230485
-229857
-229489
-229405
-229324
-229194
-228552
-228225
-228174
-228160
-228104
-227870
-227775
-227512
-227338
-226892
-226884
-226595
-226469
-226357
-226258
-226221
-226163
-225781
-225639
-225578
-225247
-224706
-224697
-224683
-224592
-224390
-223803
-223792
-222939
-222909
-222654
-222470
-222241
-221655
-221629
-221619
-221534
-221394
-220563
-220495
-219893
-219442
-219402
-219207
-219083
-218911
-218889
-218726
-218599
-218508
-218476
-218170
-217912
-217629
-217548
-217261
-217231
-217051
-216951
-216862
-216720
-216667
-216489
-216413
-216257
-216222
-216009
-215896
-215762
-215645
-214921
-214443
-214376
-213950
-213633
-213358
-213031
-212868
-212847
-212845
-212831
-212394
-212179
-212105
-211922
-211903
-211892
-211461
-210943
-210857
-210612
-210431
-210253
-210068
-209961
-209920
-209885
-209873
-209811
-209061
-209051
-208934
-208908
-208907
-208719
-208627
-208476
-208405
-207999
-207755
-207717
-207606
-207295
-207209
-207207
-207116
-206839
-206452
-206417
-205371
-205354
-205279
-204547
-204530
-204529
-204329
-204301
-204290
-204218
-204187
-204022
-203655
-203393
-203263
-202792
-202724
-202577
-202506
-202386
-202065
-202065
-201731
-201679
-201327
-201138
-200924
-200805
-200434
-200304
-200115
-199680
-199660
-199574
-199459
-199417
-199375
-199355
-199226
-198795
-198729
-198704
-198392
-198210
-198015
-197966
-197909
-197902
-197580
-197448
-197411
-197345
-197247
-197200
-197159
-197057
-196794
-196754
-196746
-196631
-195922
-195892
-195782
-195706
-195563
-195534
-195170
-195121
-194197
-193954
-193940
-193937
-193581
-193473
-193096
-192992
-192954
-192937
-192932
-192912
-191952
-191573
-191194
-191153
-191070
-190949
-190765
-190456
-190281
-189900
-189432
-189134
-188697
-188537
-188537
-188200
-188099
-187996
-187798
-187626
-187349
-186991
-186562
-186055
-186030
-185984
-185910
-185529
-185349
-185103
-185092
-184973
-184855
-184715
-184684
-184485
-184436
-184246
-184219
-184058
-183939
-183611
-183576
-183543
-183473
-183333
-183159
-183104
-182487
-182078
-181920
-181606
-181555
-181410
-181309
-181020
-180959
-180896
-180886
-180261
-180174
-179910
-178821
-178790
-178724
-178638
-178591
-177852
-177160
-176793
-176749
-176498
-175588
-175423
-175401
-175072
-174999
-174557
-174342
-174329
-174092
-174033
-173962
-173476
-172889
-172605
-172589
-172123
-171983
-171793
-171726
-171589
-171563
-171472
-170431
-170237
-170192
-170179
-169838
-169675
-169577
-169575
-169278
-168994
-168943
-167917
-167416
-167362
-167337
-167083
-167053
-167002
-166926
-166902
-166342
-166323
-165928
-165612
-165551
-165435
-165317
-165223
-165029
-164822
-164677
-164221
-164193
-164078
-163615
-163302
-163184
-163137
-163037
-162939
-162807
-162374
-161881
-161836
-161829
-161622
-161051
-160985
-160647
-160575
-160421
-160358
-160094
-159880
-159871
-159739
-159603
-159387
-159384
-159235
-158972
-158643
-158604
-158379
-158249
-157844
-157222
-157185
-156588
-156555
-156459
-156171
-156146
-155913
-155572
-155539
-155370
-155315
-155273
-155269
-154925
-154899
-154734
-154584
-154149
-153894
-153856
-153790
-153734
-153559
-153552
-153430
-153407
-153261
-153116
-153012
-151428
-151289
-150992
-150885
-150641
-150333
-150069
-149955
-149940
-149568
-149467
-149318
-149270
-149264
-149255
-149236
-149068
-148772
-148231
-148177
-147963
-147799
-147544
-147165
-147135
-147078
-146063
-146041
-145364
-145240
-145054
-144836
-144518
-144307
-144276
-144142
-144073
-144048
-143884
-143763
-143759
-143731
-143655
-143633
-143588
-142770
-142743
-142686
-142206
-141642
-141627
-141610
-141341
-140716
-140495
-140481
-140461
-140391
-140351
-140299
-140182
-140049
-140048
-139787
-139421
-139321
-138838
-138518
-138298
-138246
-138144
-138041
-138022
-137537
-137434
-137281
-137159
-137104
-136993
-136806
-136515
-136478
-136430
-136370
-136274
-136146
-135859
-135553
-135466
-134997
-134984
-134882
-134808
-134711
-134705
-134670
-134594
-134564
-134439
-134044
-133712
-133467
-132848
-132610
-132517
-132387
-132267
-132267
-131867
-131016
-130578
-130369
-130232
-130054
-129934
-129808
-129658
-129601
-129597
-129526
-129209
-129102
-129066
-128600
-128258
-128029
-127833
-127724
-127692
-127211
-127104
-126999
-126825
-126764
-126752
-126678
-126346
-126108
-126083
-125923
-125907
-125588
-125588
-125300
-125147
-124852
-124773
-124766
-124756
-124350
-124174
-124038
-123984
-123953
-123608
-123506
-123384
-122925
-122873
-122681
-122630
-122481
-122296
-122168
-121933
-121380
-120950
-120886
-120860
-120822
-120761
-120617
-120540
-120491
-120196
-120086
-120016
-119939
-119553
-119378
-119108
-118991
-118991
-118790
-118669
-118169
-118165
-118117
-118095
-118053
-117959
-117927
-117801
-117798
-117401
-117153
-117144
-116876
-116713
-116568
-116061
-115679
-115275
-115197
-114672
-114469
-114017
-114007
-113314
-113228
-113133
-112685
-112606
-112398
-112174
-111456
-111425
-111191
-111068
-111049
-111020
-110969
-110779
-110547
-109938
-109637
-109229
-108724
-108385
-108185
-108103
-107958
-107894
-107557
-107518
-107328
-107319
-107221
-107075
-106744
-106706
-106265
-106127
-106095
-105958
-105771
-105756
-105423
-105383
-105186
-104692
-104455
-104343
-104123
-103965
-103667
-103502
-103231
-103185
-102805
-102446
-102429
-101861
-101654
-101610
-101602
-101088
-100645
-100629
-100540
-100334
-100263
-100250
-100207
-100112
-99537
-99336
-98966
-98866
-98767
-98709
-98675
-98439
-98266
-98194
-98065
-97880
-97617
-97579
-97560
-97320
-97226
-97077
-97038
-96994
-96961
-96929
-96350
-95992
-95924
-95793
-95674
-95495
-95120
-94852
-94586
-94579
-94342
-94005
-93962
-93278
-92986
-92895
-92583
-92424
-92328
-92295
-91881
-91880
-91876
-91559
-91508
-91444
-91316
-91225
-90451
-90363
-89549
-89140
-88981
-88685
-88497
-88293
-88233
-88172
-88163
-87921
-87502
-87481
-87229
-86702
-86639
-86537
-86522
-86471
-86257
-86158
-86026
-85729
-85682
-85674
-85638
-85092
-85069
-84986
-84914
-84751
-84326
-83868
-83505
-82694
-82501
-82243
-82073
-82015
-81637
-81196
-81168
-80999
-80873
-80755
-80665
-80466
-80437
-79915
-79660
-79552
-79409
-79309
-79142
-79118
-78958
-78594
-78520
-78057
-77921
-77917
-77359
-77359
-77237
-77200
-77033
-76810
-76740
-76572
-76556
-76439
-76338
-76197
-75943
-75670
-75497
-75475
-75412
-74778
-74699
-74524
-74515
-74499
-74379
-74269
-74152
-74065
-73966
-73701
-73656
-73433
-73366
-73262
-72556
-72525
-72478
-72355
-72095
-71479
-71463
-71346
-71273
-71245
-71179
-71050
-70786
-70594
-70535
-70450
-70417
-70297
-69844
-69641
-69590
-68923
-68418
-68227
-68193
-68187
-68011
-67947
-67878
-67855
-67807
-67727
-67631
-67037
-66761
-66625
-66616
-66606
-66294
-66086
-65619
-65374
-65082
-64972
-64820
-64779
-64660
-64405
-64139
-63415
-63364
-63278
-63091
-63045
-62389
-62233
-62102
-61937
-61728
-61417
-60752
-60352
-59844
-59750
-59361
-59241
-59070
-58964
-58935
-58698
-57925
-57875
-57437
-57386
-57358
-56883
-56702
-56593
-56412
-56381
-56354
-56317
-56183
-56058
-55876
-55488
-54809
-54604
-53713
-53707
-53337
-53246
-52901
-52655
-52591
-52238
-52169
-51652
-50811
-50514
-50277
-50074
-49453
-49388
-49144
-49108
-48748
-48698
-48204
-47974
-47750
-47265
-47033
-46840
-46792
-46483
-46042
-46026
-45871
-45679
-45668
-45656
-45482
-45435
-45034
-44738
-44588
-44536
-44485
-44449
-44295
-44292
-43813
-43122
-43030
-42652
-42614
-42578
-42248
-41941
-41874
-41770
-41703
-41569
-41416
-41259
-41215
-40712
-40394
-40300
-40243
-39960
-39934
-39841
-39615
-39257
-39094
-39000
-38870
-38565
-38439
-38380
-37683
-37359
-37143
-36371
-36352
-36256
-35470
-35353
-35005
-35002
-34737
-34211
-33693
-33631
-33209
-33022
-32824
-32651
-32385
-32213
-32129
-31581
-31545
-31361
-31060
-31051
-31012
-30829
-30814
-30135
-29880
-29705
-29567
-29513
-29349
-28661
-28492
-28295
-28252
-28150
-27514
-27453
-27367
-27268
-27258
-27064
-26959
-26948
-26620
-26072
-25054
-24668
-24437
-23818
-23517
-23428
-23413
-23212
-23156
-22987
-22719
-22682
-22477
-22167
-22014
-21943
-21861
-21807
-21799
-21605
-21535
-21463
-21434
-20922
-20887
-20693
-20689
-20287
-20285
-20039
-19843
-19843
-19680
-19385
-19376
-19166
-19122
-18942
-18938
-18430
-17973
-17629
-17013
-16566
-16557
-16528
-16491
-16481
-16144
-16126
-16120
-16095
-16078
-16055
-15508
-15387
-15146
-14414
-13609
-13506
-13101
-12729
-12456
-11805
-11714
-11612
-11558
-10897
-10830
-10408
-10363
-10314
-10124
-9764
-9609
-9496
-9022
-8899
-8839
-8528
-8459
-8410
-8369
-7242
-6936
-6923
-6608
-5983
-5978
-5417
-5289
-5281
-5266
-4878
-4814
-4794
-4266
-3857
-3756
-3541
-3505
-3105
-2848
-2581
-2208
-1978
-1708
-1424
-1139
-156
300
398
525
677
757
790
1270
1274
1652
1816
1865
1938
2026
2132
2192
2274
2355
2732
3077
3140
3238
3250
3318
3558
3744
5169
5369
5710
5866
6175
6554
6957
7079
7115
7438
7491
7884
8075
8094
8356
8770
8859
9160
9678
10456
11205
11502
11538
12138
12147
12198
12332
12383
12622
12972
13400
13444
13511
13539
13759
14319
14556
14737
14869
15049
15178
15184
15352
15378
15505
15763
15866
16117
16123
16149
17480
17496
17583
17745
17913
17939
18010
18491
18687
18709
18811
18834
18872
19102
19207
19422
19663
19729
19779
19921
20180
20549
20581
20870
20895
21261
21411
21468
21478
21581
21925
22132
22362
22371
22417
22454
22555
22741
23240
23350
23422
23523
24177
24288
24444
24566
24687
24722
24763
24863
25111
25219
25377
25600
26446
26538
26819
27085
27268
27477
27824
27893
27900
28158
28407
28590
28743
28768
28848
28859
28894
29046
29229
29289
29838
30033
30239
30525
30549
30617
30775
31035
31052
31067
31077
31111
31732
32351
32569
32626
32769
32810
32997
33051
33205
33225
33374
33437
33783
34410
34496
35251
35267
35329
35430
35437
35590
35736
35963
35987
36035
36055
36095
36394
36577
36592
36809
36880
37136
37346
37594
38291
38299
39204
39239
39275
39320
39582
39657
39701
39741
39786
39866
39894
40400
40641
40830
40972
41116
41890
41900
42012
42257
43091
43125
43581
43639
43664
43899
44411
44416
44536
44813
44852
45125
45670
45675
45766
46074
46138
46160
46193
46251
46311
46498
46718
47201
47451
47773
48389
48502
48642
49367
49399
49559
49595
50236
50295
50711
51066
51457
51708
51820
51881
51978
52144
52462
52819
53103
53137
53180
53185
53301
53417
53420
53537
53876
53916
54220
54330
54367
54776
54829
55058
55198
55285
55286
55307
55321
55457
55486
55862
55945
56064
56131
56368
56661
56681
57132
57300
57461
57541
57765
57800
57811
57816
57865
58549
58555
58602
58934
59291
59358
59446
59675
59718
60081
60196
60402
60526
60590
60717
60747
60811
60858
60888
60924
61020
61029
61051
61303
61324
61365
61420
61432
62110
62256
62258
62601
62613
62965
63098
63168
63225
63236
63285
63550
63754
64079
64205
64971
65025
65342
65547
65643
65933
66346
66487
66769
66863
67109
67280
67716
67805
67993
68238
68334
68397
68507
68754
69253
69343
69380
69451
69472
69599
69626
69765
70107
70132
70160
70808
71372
71825
71928
72032
72565
72856
72964
73060
73084
73202
73414
73518
74479
74784
74871
75021
75361
75717
75743
75958
76072
76190
76429
76529
76942
77057
77139
77706
78164
78168
78276
78647
78682
78707
78862
78905
79015
79414
79521
79536
79893
79895
80050
80135
80406
80516
80554
80916
81020
81191
81619
81849
81950
82192
82243
82422
82598
83068
83120
83295
83718
83954
84436
84460
84800
85371
85417
85555
85907
85983
86205
86651
87107
87479
87726
87774
87827
87960
87974
88089
88406
88925
89022
89134
89257
89269
89311
89570
90263
90500
91073
91368
91399
91659
92090
92195
92231
92245
92695
92702
92711
92722
92944
93246
93584
93589
93694
93815
93837
93874
93957
94303
94462
95270
95693
96048
96071
96078
96185
96213
96885
96931
97033
97175
97218
97460
97481
97523
97913
98085
98466
98838
99510
99569
100029
100075
100246
100371
100395
100439
100519
100618
100712
100724
100930
100961
101267
101279
101385
101421
101437
101584
102314
102749
102758
102775
103105
103131
103167
103172
104426
104633
104758
104873
104878
104909
105214
105596
105602
105864
106110
106121
106184
106256
106267
106329
106471
106484
106741
106874
107341
107567
107930
107971
108120
108641
108709
109025
109266
109325
109405
109412
109609
109773
109790
109901
110003
110013
110038
110556
110812
110888
111233
111322
111384
111545
111787
112348
112718
113343
113519
113727
114622
114785
115018
115361
115482
115968
116036
116290
116395
116396
116772
116963
117102
117211
117793
117985
118104
118250
118779
118833
118882
118937
119310
119713
119851
120184
120495
120586
120604
120967
121603
121874
122478
122651
123021
123190
123455
123566
123796
123818
124198
124355
124373
124392
124558
124667
124707
124791
124828
124976
125360
125882
125963
126937
127047
127278
127332
127486
127616
127624
127652
127669
127769
127793
127964
127995
128455
129436
129538
129645
129945
129975
130040
130159
130919
131210
131426
131590
131726
132400
132438
132802
132886
132905
133012
133235
133286
133312
133712
133843
134064
134171
134231
134320
134554
135242
135243
135381
135438
135528
135626
135789
135795
135908
136275
136594
137004
137071
137404
137597
137634
137812
137838
137852
138144
138230
138494
138536
138600
139091
139264
139264
139294
139548
139717
140468
140594
141214
141273
141484
141583
141652
142510
142695
142746
142826
143110
143195
143569
143988
144146
144427
144887
145069
145219
145317
145405
145585
145628
145719
145727
145731
145819
145978
146371
146412
146626
146849
146880
146911
147342
147480
147751
147938
147942
148256
148388
148563
148967
148988
149063
149288
149389
149439
149474
150062
150218
150566
150935
151174
151194
151300
151578
151945
152214
152372
152808
152943
153149
153344
153346
153963
153978
153987
154334
154575
154781
154888
155088
155130
155160
155168
155449
155487
155640
155830
155884
155983
155984
156700
156802
156824
156987
157448
157787
158200
158306
158428
158447
158636
158743
158856
158896
159173
159218
159638
159720
160416
160424
160449
161064
161066
161128
161158
161578
161606
161661
161676
161792
161849
162276
162555
163067
163101
163314
163489
163631
163728
164789
164798
164838
165179
165309
165465
165494
166160
166787
166827
166862
166938
167081
167486
167512
167924
168100
168101
168149
168262
168444
168616
168813
168842
169319
169327
169598
169624
169695
169850
170592
170646
170965
171315
171334
171432
172072
172826
172862
172917
173113
173169
173608
173901
173995
174081
174468
174569
174586
175357
175670
175727
175833
175919
176010
176150
176304
176397
176607
176632
176768
177076
177543
177672
177828
177889
178315
178700
178921
179284
179469
179606
180150
180334
180484
180527
180837
180949
181385
181696
181792
182080
182208
182274
182346
182395
182563
182945
183136
183386
183766
183918
184005
184049
184347
184799
184824
185175
185717
185767
185790
185793
185964
185969
186022
186663
186703
186849
187045
187600
187763
187800
188518
189102
189119
189351
189603
189623
190438
190492
190791
190839
191195
191447
191566
191813
191872
192064
192287
192314
192478
192859
192870
192916
192953
193206
193274
193295
193511
193524
193682
194213
194411
194446
194565
194745
194932
195217
195704
196114
196169
196259
196282
196298
196352
196520
196521
196859
196930
197030
197529
198068
198221
198429
198599
198683
198770
198824
198880
198997
199028
199368
200106
200417
200680
201050
201115
201149
201501
201780
202475
202478
202747
203388
203669
204018
204087
204694
204878
205219
206046
206173
206252
206330
206398
206788
207083
207209
207371
207389
207627
207786
208383
208383
208661
208777
208852
208894
209067
209070
209291
209987
210270
210327
210448
210965
211521
211777
211788
211954
212061
212128
212132
212209
212495
212557
212629
212644
212728
212773
213167
213186
213357
213521
214114
214273
214328
214466
214503
214949
215085
215117
215152
215202
215220
215813
215926
216644
217008
217077
217163
217173
217357
217632
218078
218093
218647
219090
219107
219112
219182
219270
219281
219433
219468
219477
219599
219682
219711
219927
220358
220522
220822
220911
221233
221301
221486
221531
221562
222168
222313
222348
222630
222693
222723
222754
222898
222938
223087
223307
223729
223808
223885
223990
224147
224190
224379
224737
224762
225456
225668
226012
226351
226710
226811
226961
227267
227463
227481
227644
227692
227747
227991
228218
228296
228418
228796
229043
229268
229303
229635
229735
230172
230196
230295
230448
230579
230749
230779
230940
230975
231078
231358
231361
231564
231690
231715
231735
231777
231785
231820
231829
232201
232220
233137
233730
233738
234464
234644
235018
235440
235613
235637
235977
236015
236053
236281
236284
236293
236423
236512
236641
236685
237279
237502
238040
238079
238341
238420
238429
238461
238823
238963
239684
239722
239844
240339
240632
241056
241060
241116
241301
241704
241828
242756
242879
242896
242920
243150
243352
243727
244004
244119
244151
244248
244252
244443
244652
244963
245138
245143
245387
245960
245973
246009
246105
246183
246447
246590
246641
246707
246778
247682
247979
248030
248234
248846
248895
249010
249507
249542
249715
250405
250456
250992
251184
251279
251320
251373
251633
252014
252051
252332
252393
252912
252928
253060
253545
253758
253852
254123
254330
254376
254396
254825
254901
254935
255205
255394
255613
255836
255960
256435
256562
256684
257208
257665
257749
257994
258407
258426
258552
258914
259073
259645
259784
259882
260229
260283
260304
260701
260792
261060
261381
261563
261565
261630
262566
262730
263420
263512
263749
264309
264399
264474
264522
264529
264746
264753
264786
264809
264947
265096
265214
265284
265420
265480
265658
265731
266013
266094
266151
266436
266453
266459
266468
266974
267118
267124
267155
267232
267320
267386
267491
267500
267609
267713
267863
268097
268651
268652
268659
268842
268891
269231
269312
269445
269574
269623
270070
270148
270183
270336
270502
270627
270757
270793
270892
270969
271292
271427
271938
271951
272145
272378
272535
272595
272624
273073
273181
273346
273657
273664
273813
274444
274562
274790
275543
275614
275990
276359
276732
276947
277140
277151
277207
277751
278632
278793
278903
279265
279269
279317
279504
279578
279582
279633
279699
279719
280525
280656
280685
280692
280736
280838
281022
281055
281089
281289
281357
281415
281559
281697
281742
281861
282090
282359
282420
282839
282850
282925
283017
283179
283191
283665
284334
284617
284974
285376
285502
285571
285804
285910
286163
286595
286616
287230
287567
287913
288014
288313
288804
289113
289156
289223
289257
289302
289576
289764
289774
289850
290641
290687
290690
291288
291372
291456
291540
291565
291821
291904
292420
292611
292689
292694
292895
292934
293102
293454
293458
293516
293572
293807
294166
294208
294210
294541
294832
295213
295304
295337
295489
295807
295886
295932
296014
296087
296102
296349
296404
296635
296669
296696
296731
296896
296990
297085
297340
297539
297551
298510
298907
299036
299369
299574
299613
299713
299725
300331
300622
300819
301177
301410
301435
301448
301546
301728
301817
302111
302162
302492
302545
302990
303032
303131
303511
303570
303759
303869
303939
304045
304049
304123
304546
304647
304888
305011
305461
305840
305870
306099
306422
306644
306754
306900
307026
307660
307671
307711
308442
308452
308621
308826
309275
309276
309506
309911
310285
310446
310905
311188
311289
311586
311650
312027
312044
312224
312297
312377
312539
312813
312921
313018
313129
313158
313238
313392
313465
313504
313764
314053
314282
314386
314521
314585
314664
314680
314908
315424
315553
315598
315829
315901
316213
316222
316482
316587
316595
317220
317422
317492
317575
317706
318027
318198
318226
318228
318396
318856
318880
319766
319858
320183
320199
320583
320592
320706
321144
321573
321664
321671
322326
322949
323075
323266
323998
324124
324154
324386
324456
325034
325074
325231
325832
326028
326085
326673
326742
327050
327129
327148
327197
327520
327666
327993
328341
328646
328710
329007
329056
329256
329574
329600
329666
329762
329895
330096
330419
330681
330942
331004
331227
331311
331317
331339
331595
332430
332528
332532
332746
332869
332965
333134
333231
333707
333801
334226
334396
334698
334763
335086
335412
335476
335518
335596
335686
335805
335895
335963
335979
336033
336154
336304
336472
336548
336796
336863
337384
337936
338128
338292
338408
338454
338469
338834
339201
339352
339419
339496
339746
339792
340004
340488
340609
340951
341299
341341
341480
341539
341708
341912
341958
342186
342228
342232
342325
342344
342415
342555
342950
342961
343064
343149
343478
343581
343769
343896
343927
343977
344297
344462
344614
344839
344957
345101
345297
345356
345398
345658
345835
345845
345894
346106
346177
346239
346613
346745
346798
346947
346952
347025
347134
347492
347530
347867
348366
348535
348816
348843
348890
349104
349892
349989
350244
350271
350491
350785
350851
351549
351631
351679
351786
352116
353048
353126
353578
353925
354001
354167
354516
354573
355252
355259
355350
355360
355681
355703
355815
356078
356211
356253
357101
357201
357373
357528
357647
357765
358077
358515
358886
359003
359049
359085
359144
359650
359960
360017
361177
361422
361936
362049
362054
362156
362568
362641
363162
363262
363523
363572
363733
363765
364179
364217
364762
364878
365163
365185
365337
365629
365717
366101
366104
366218
366466
366488
366509
367079
367504
367651
367657
367852
367916
368103
368200
368380
368471
368902
368903
369866
369924
370096
370239
370564
370834
371099
371208
371344
371632
371650
371802
371940
371998
372209
372359
372482
372489
372577
373267
374005
374016
374198
374225
374250
374312
374914
375005
375194
375493
375651
375991
376030
376198
376841
376853
377403
377653
377662
377976
378277
378326
378385
378528
378646
378652
378785
378887
379054
379246
379675
379931
380023
380731
380817
380855
381054
381079
381130
381678
381993
382230
382518
382736
382815
382870
382961
383025
383198
383725
383788
383938
384163
384428
384566
384777
384922
385030
385057
385086
385401
385571
386325
386464
386597
387187
387491
387666
387725
387895
387948
388067
388471
388994
389096
389256
390075
390396
390431
390510
390706
391232
391642
391857
392000
392344
392445
392488
392491
392627
393152
393409
394329
394572
394575
394596
394742
394807
395384
395537
395554
395812
396091
396558
396684
396700
396767
396978
397438
398106
398326
398547
398702
398853
398872
399237
399599
399774
399973
400066
400152
400595
400641
400698
400734
400930
401080
401434
401592
401700
402782
403202
403404
403451
403567
403667
404495
405061
405297
405339
405398
405646
405776
405888
405952
406321
406364
406550
406553
406678
406969
407392
407425
407544
407645
407936
407939
407941
408226
408473
408839
409216
409559
409622
409813
410285
410595
410619
410712
411713
411821
412164
412269
412335
412859
413557
413582
413604
413791
414070
414094
414132
414296
414694
414844
414972
415523
415602
415700
415919
415960
416734
416811
416817
417297
417342
417545
417685
417811
417820
418056
418100
418366
418370
418855
418987
419184
419262
419413
419647
419749
420037
420118
420305
420515
420637
420850
420864
421166
421444
421534
421975
422169
422360
422617
422857
422910
422980
423140
423638
423644
423697
423793
423971
424281
424369
424536
424546
424632
424986
425287
425347
425706
425775
426023
426307
426346
426701
426772
426835
427396
427399
427448
427457
427485
427555
427693
427901
428322
428349
428641
428669
429250
429483
429644
429901
430026
430150
430156
430182
430394
430968
431024
431119
431307
431387
431401
431654
432281
432300
432346
432421
432556
432649
432757
433040
433463
433635
433827
434065
434499
434755
435161
435267
435308
435623
435775
435879
435910
435913
436063
436092
436101
436126
436146
436348
436699
437408
437491
437542
437895
438025
438507
438773
438783
439286
439324
439493
439584
439695
439847
440272
440287
440366
440495
440867
441027
441092
441099
441143
442245
442455
442656
442659
442825
443144
443455
443459
443780
444004
444008
444062
444188
444364
444364
444380
444627
444942
445064
445200
445709
445944
446045
446164
446295
446319
446585
446829
446963
447552
447726
447793
447845
447846
447917
448801
449017
449079
449149
449175
449279
449297
449511
449658
450078
450131
450365
450436
450438
450551
450664
450928
451437
451440
451614
452226
452413
452465
452704
452973
453250
453609
453806
454406
454486
454807
455217
455291
455777
456036
456394
456771
456839
456907
457452
457534
457591
457867
458061
458711
458879
458923
458946
458957
458965
459361
459417
459436
459985
460292
460534
460627
460843
461040
461130
461312
461313
461375
461462
461486
461644
461672
461711
462174
462238
462806
463744
463792
463801
463933
463963
464136
464211
464359
464378
464408
464653
464678
465463
465673
465946
466028
466437
466461
466472
467027
467149
467839
468222
468397
468812
469140
469245
469360
469378
469519
469642
469831
469924
470344
470529
470539
470684
470725
470934
471379
471477
471479
471645
471880
471898
471915
472018
472404
472473
472762
472800
472842
473028
473735
473807
474043
474120
474276
474360
474504
474665
474967
475154
475208
475221
475269
475434
475529
475646
475757
475914
476029
476578
476772
476943
477022
477042
477073
477277
477405
478062
478112
478460
478667
478857
479291
479357
479595
479706
479868
479869
480407
480497
480732
481307
481364
481423
481461
481522
481598
481830
481930
481945
482285
482453
482527
482600
482763
482772
482936
483039
483040
483430
483655
483686
483835
483991
484000
484268
484469
485007
485251
485430
485718
485763
486230
486381
486737
487055
487067
488049
488445
488515
488676
488872
489022
489208
489279
489509
489647
489768
490109
490138
490167
490355
490403
490551
490647
490668
490700
491038
491289
491934
492049
492081
492322
492691
492782
492794
493030
493681
494068
494152
494365
494383
494849
495249
495362
495583
495837
495856
495935
496176
496395
496608
496786
496918
497003
497171
497201
497335
497375
497429
497626
497735
497854
497976
498139
498148
498585
498731
498853
499018
499320
499353
499366
499893
499949
500017
500148
500179
500329
500559
500672
500762
501028
501443
501558
501856
501933
502115
502217
502747
502806
502995
503008
503059
503472
503499
503519
503803
503993
504121
504283
504372
504639
504827
504864
505048
505397
505475
505627
505725
505997
506070
506215
506766
506966
507094
507265
507479
507560
507621
508081
508423
508519
508752
508860
508897
508952
509144
509236
509282
509320
509670
509875
509878
510054
510665
511027
511233
511407
511710
511723
511763
511834
512198
512580
512899
512938
512940
513278
513345
513406
513552
513785
513790
513976
514184
514204
514326
514539
514764
514865
514938
515385
515425
515444
515506
515531
515640
515711
516013
516139
516333
516710
516738
516854
516888
517021
517647
518183
518287
518381
518500
518678
518806
518885
518947
518969
518994
519175
519506
519590
519846
520068
520441
520868
520960
521008
521100
521133
521197
521599
522016
522043
522060
522164
522179
522376
522560
523016
523177
523492
523507
523572
523605
523794
523890
523906
523908
524211
524216
524304
525122
525857
526088
526261
526383
526600
526636
526911
527113
527216
527238
527351
527560
527671
528057
528088
528128
528354
528751
528754
529326
529390
529500
529529
529544
530061
530232
530430
530626
530702
531064
531573
531720
531758
532022
532167
532362
532449
532450
532475
532506
532560
532646
532904
533124
533305
533953
533974
534380
534383
534493
534503
534590
535155
535209
535492
535546
535585
535740
536023
536163
536200
536347
536657
536753
536762
537034
537060
537114
537129
537213
537231
537522
537631
538024
538433
538505
538788
538820
538909
539051
539522
539667
539853
540002
540025
540115
540187
540336
540529
540545
540670
540705
540755
540805
541170
541331
541353
541396
541397
541531
541627
542006
542015
542250
542391
542491
542803
542940
543112
543242
543482
543526
543617
543719
543741
544055
544286
544836
545189
545310
545600
545715
546234
546295
546528
546766
546853
547022
547178
547322
547820
548006
548255
548342
548602
548794
548906
549308
549372
550066
550119
550292
550800
551172
551228
551353
551531
552600
552659
552735
552756
552838
552876
553131
553207
553247
553255
553600
553661
554246
554417
554574
554852
554879
554976
555026
555314
555357
555504
555523
555633
555686
555709
555868
555892
556108
556377
556780
557083
557104
557382
557742
558018
558056
558195
558507
558745
558798
558874
558946
558948
559654
560182
560191
560573
560602
560640
560944
561063
561171
561174
561363
561426
561549
562103
562135
562162
562190
562228
562852
562875
562980
563503
563520
563822
563950
564402
564524
565119
565210
566431
566443
566702
566756
566757
566796
567255
567546
567598
567833
567909
568221
568345
568407
568506
568587
568614
568680
568839
568918
568977
569840
569927
569982
569996
570139
570139
570939
571040
571205
571943
572700
572727
572889
573344
573558
573732
574304
574309
574608
574692
575132
575616
575773
575847
576102
576193
576230
576341
576730
576867
576965
577055
577213
577490
577681
577809
578479
578610
578682
578793
578856
579039
579237
579294
579413
579476
579716
579729
579872
579908
580059
580184
580364
580471
581052
581153
582422
582517
582824
583248
583719
583991
584276
584406
584610
584670
584762
585370
585425
585526
586103
586507
587239
587463
587679
587843
587845
587912
587962
588065
588557
588580
588582
588721
589239
589478
589928
590114
590233
590484
591182
591426
591647
592021
592112
592272
592322
592415
592695
593165
593377
593405
593561
593668
593963
594636
594658
594748
594865
594915
595103
595369
595497
595709
595791
595840
595943
595975
596018
596139
596173
596424
597051
597216
597439
597599
597662
597826
598008
598239
598550
598578
598675
598859
599117
599299
599313
599418
599607
599863
599972
600284
600306
600549
600556
600998
600998
601163
601241
601461
601503
601662
601728
601733
601765
601950
602030
602170
602179
602652
602748
602898
603137
603262
603329
603533
603547
603735
603751
603991
604006
604057
604262
604473
604561
605192
605198
605415
605876
605913
606569
607067
607360
607370
607858
607881
608186
608375
608430
608707
608984
609312
609344
609356
609476
609668
609915
610383
611111
611263
611427
611551
611906
612288
613244
613255
613310
613330
613366
613369
613457
613530
613716
613787
613877
613973
614463
614641
614711
614985
615016
615147
615220
615503
615611
615654
616164
616481
617075
617599
618077
618197
618439
618441
618522
618619
618661
618676
618854
619031
619126
619193
619272
619750
619912
619932
619954
620728
620771
621044
621072
621257
621730
622062
622091
622318
622565
622667
622842
622991
623034
623042
623141
623376
623387
623449
623618
623980
624546
624726
624757
625187
625231
625468
625505
625653
625702
625937
626205
626323
626415
626584
626743
626932
627153
627265
627385
627486
627551
629106
629897
629963
630147
630356
630433
630513
630555
631520
631540
631558
631593
631613
631673
632508
632622
632683
632876
633135
633436
633743
633773
633990
634003
634008
634125
634367
634523
634703
634723
634726
634728
634748
634817
635034
635283
635288
635442
635595
635826
635996
636001
636189
636338
636564
636819
636892
637331
638068
638098
638309
638471
638521
638799
638875
639574
639862
640021
640021
640407
640458
640635
640786
640795
640834
641035
641442
641445
642201
642324
642514
642669
642889
643305
643313
643463
643590
643826
643828
643964
643996
644043
644051
644118
644911
645063
646162
646398
646444
646453
646644
646695
646890
647181
647184
647285
647877
648155
648367
648526
648527
648643
648777
648924
648932
649156
649228
649309
649408
649684
649737
649774
649887
649989
650011
650304
650312
650693
650715
650820
650847
650984
651044
651071
651620
651631
651770
651859
652022
652131
652223
652258
652791
652982
652995
653271
653954
654294
654305
654730
655125
655203
655542
655664
655751
656132
656232
656503
656548
656887
656999
657424
657463
657509
658374
658504
659290
659487
659797
659813
659833
660787
661173
661243
661455
661515
661552
661593
661799
661970
662020
662387
662513
662805
662925
662989
663182
663347
663422
663489
663608
663812
663934
663977
664184
664573
665094
665296
665355
665571
665833
666237
666313
666469
666802
667120
667156
667182
667317
667340
667402
667448
667938
668281
668291
668702
668732
669137
669138
669362
669474
669503
669591
670207
670336
670435
670589
671121
671325
671548
671574
671930
672233
672475
672579
672671
672675
673076
673343
673592
673852
674142
674152
674355
674968
675036
675120
675469
675592
675605
675679
676382
676385
676897
677165
677298
677719
677732
677819
677866
678013
678176
678427
678431
678471
678518
678818
679009
679191
679198
679232
679871
680056
680196
680196
680222
680437
680717
680863
680908
681156
681276
681459
681551
681762
681885
682335
682795
683129
683269
683528
683660
683675
683680
684205
684451
684477
684497
684586
684752
684823
684826
685098
685611
685747
685848
686045
686216
686668
687006
687031
687094
687129
687131
687766
687854
687864
688170
688281
688570
688782
689168
689224
689401
689623
690142
690212
690309
690383
690616
690750
691050
691067
691252
691253
691603
691655
691852
691927
692133
692399
692785
692819
692954
692987
693355
693370
693555
693882
693993
694655
694700
695092
695177
695264
695388
695451
695570
695707
696015
696238
696563
696607
696689
696817
696867
696972
696979
697006
697258
697323
697358
697592
697608
697708
697881
698144
698226
698620
699126
699689
699947
700181
700381
700652
700832
700971
701227
701286
701327
702030
702162
702314
702491
702597
702610
702735
702844
703266
703293
703406
703562
703572
703653
704010
704204
704560
704905
705109
705458
705520
705540
705664
705675
706192
706244
706513
706683
707198
707214
707359
707508
707720
707728
707988
708133
708354
708406
708498
708502
708535
708693
708962
709000
709078
709090
709165
709329
709366
709397
709437
709528
709621
709754
709802
709897
709960
710173
710206
711021
711081
711117
711517
711672
711787
711804
712162
712176
712212
712499
712541
712747
712769
713023
713032
713824
713974
714010
714137
714338
714729
714971
715006
715211
715620
715669
715720
715764
715785
715891
716248
716353
716418
716454
716488
716986
717348
717375
717413
717434
717485
717564
717630
717645
717675
717900
717975
718107
718309
718473
718846
719152
719225
719277
719483
719486
719502
719860
719989
719990
720415
720636
720659
720665
721066
721440
721661
721781
721795
721931
722122
722730
723062
723097
723110
723424
723560
723950
723978
724418
724716
724754
724816
724952
725257
725374
725820
726201
726260
726619
726840
727065
727091
727510
727574
728171
728413
728510
728695
729112
729255
729455
729853
730183
730707
730841
730900
731001
731134
731283
731331
731469
731988
731989
732193
732268
732322
732420
732444
732727
732923
733264
733407
733656
733722
733774
734112
734455
734529
734531
734588
734692
734771
734815
734897
735081
735231
735289
735334
735419
735556
735809
736147
736347
736421
736483
736598
736702
736855
736923
737008
737055
737212
737440
737455
737625
737822
737958
738137
738175
738284
738516
738517
738749
738779
738886
738948
739108
739273
739662
740025
740122
740123
740154
740203
740534
740603
741090
741208
741332
741491
741618
741670
741711
742300
742486
742590
742948
743275
743288
743480
743757
743805
743872
744130
744905
746038
746406
746902
746907
747101
747333
747338
747468
747624
747852
748079
748085
748471
748673
748902
749025
749040
749313
749762
749928
750188
750573
750579
750605
751057
751380
751623
751653
752252
752490
752570
752974
753321
753818
754419
754632
755014
755302
755399
755679
755994
756223
756341
756458
756639
756703
756859
757034
757117
757271
757461
757580
757918
758127
758324
758860
758941
759126
759242
759243
759406
759484
759673
759923
760404
760584
760794
760842
761089
761098
761215
761242
761285
761343
761580
761773
761956
762524
762585
762909
762990
762990
763357
763385
763467
763528
763754
763997
764094
764103
764363
764440
764496
764560
764681
764777
764970
765010
765028
765103
765164
765573
766489
766500
767263
767284
767330
767398
767750
767801
768060
768181
768302
768737
769161
769402
769696
769724
770505
770781
770802
770909
771230
771361
772102
772321
772648
772936
773084
773144
773543
773583
773711
773780
774352
774713
774853
774968
774977
775173
775455
775598
775689
777189
777578
777760
777846
778092
778099
778175
778507
779447
779595
779634
779738
779851
780318
780330
780820
781110
781154
781211
781534
781675
781702
781792
781886
781938
782327
782431
782462
782586
782830
782999
783085
783139
783534
783570
783834
783904
784120
784254
784528
784616
784655
785317
785454
785720
785742
785807
786598
786701
786795
787243
787490
787528
787926
787963
788351
788721
788907
789047
789115
789257
789527
789649
789902
789912
790013
790140
790240
790356
790380
790521
790628
790685
790946
791369
791528
791544
791909
792009
792215
792434
792504
793019
793211
793331
793513
793828
793933
794321
794357
794408
794815
794911
794971
795074
795527
795606
795888
795922
796117
796281
796341
796832
797331
797362
797378
797495
797647
797994
798098
799601
799938
800057
800217
800413
800425
800520
800597
800601
800737
800753
800934
801167
801477
801758
802321
802584
802638
802819
803231
803627
803777
804169
804328
804364
804456
804505
805032
805199
805771
805846
805922
806076
806438
806502
806944
807199
808302
808316
808320
808487
808713
808872
809072
809177
809437
809683
809696
809764
809921
810128
810519
811219
811236
811388
811432
811626
811772
811940
812056
812062
812372
812413
812416
812729
813274
813363
813528
813584
813618
813830
814466
814521
814749
814982
815280
815654
815781
816054
816177
816290
816355
816764
816835
816917
816971
817273
817570
817770
818085
818138
818358
818621
818713
819148
819169
819394
819467
819603
819961
820058
820449
820519
820577
820650
821161
821349
821729
821832
821902
822117
822275
822526
822834
822874
822965
823310
823443
823474
823669
823818
823868
824284
824363
824709
824709
824964
825423
825579
825904
826426
826666
826677
827032
827496
827662
827926
827959
828357
828687
828817
829164
829889
830135
830273
830294
830326
830522
830537
831176
831593
831782
832142
832196
832486
832541
833491
833918
834116
834250
834297
834480
834618
834656
835482
835524
835532
835574
835838
835876
835932
836025
836078
836186
836249
836534
836674
836723
836766
836811
837183
837383
837408
837779
837901
838060
838116
838122
838191
838268
838388
838523
839035
839051
839331
839532
840240
840375
840600
840789
840854
841282
841414
841473
841516
841694
841744
841764
841975
842280
842729
842868
842941
842950
843238
843368
843929
844281
844320
844329
844686
844945
845327
845656
845750
845874
845889
845968
845988
846755
846906
847333
847867
847903
848387
848582
849027
849028
849100
849303
849503
849567
850030
850095
850110
850141
850367
850399
850445
850782
850807
851115
851142
851215
851269
851818
851838
851849
851860
851864
852168
852237
852410
852431
852590
852698
852703
853130
853320
853663
853736
854058
854209
854652
855182
855221
855296
855792
856124
856214
856273
856353
856599
856776
856851
857074
857092
857139
857859
858052
858086
858091
858286
858804
858924
858981
859090
859658
859767
860040
860116
860183
860739
860817
861279
861670
862210
862493
862639
862993
863458
863647
863921
864003
864037
864155
864201
864236
864366
864469
864687
864703
865119
865537
865556
865602
865638
866187
866265
866991
867233
867656
867827
868365
868546
869571
870106
870201
870321
870573
870963
871200
871250
871762
871775
872351
872604
872613
872676
872792
873150
873463
873493
874044
874220
874248
874381
874505
874589
874609
874671
874778
874980
874989
874994
875125
875126
875196
875921
876223
876427
876435
876464
876702
876726
877364
877415
877840
877913
878458
878488
878586
878590
879201
879543
879830
879999
880350
880350
880477
880507
881003
881058
881310
881648
882235
882579
882635
883248
883270
883281
883535
883592
883975
884022
884154
884761
884955
885001
885016
885649
885921
886169
886199
886437
886544
886561
887056
887761
888070
888116
888207
888663
888957
889034
889244
889773
889828
889958
891036
891085
891184
891237
891432
891510
891524
891717
891796
891846
892088
892631
893180
893392
893590
893878
893917
894106
894173
894199
894360
895025
895254
895304
896469
896669
896995
897012
897156
897608
897611
897652
897732
898034
898519
898564
898568
898613
898770
898802
899016
899134
899144
899161
899336
899337
899344
899351
899453
899538
899684
899853
899960
900036
900122
900415
901031
901498
901536
901616
901696
901728
901841
901909
901915
901989
902047
902197
903073
903237
903389
903814
904049
904118
904136
904345
904414
904534
904872
904909
904968
905222
905987
906520
907193
907239
907355
907711
908184
908586
908703
908900
909105
909285
909291
909523
909747
909848
910121
910245
910456
910523
910677
911225
911704
912222
912265
912539
912641
912867
912904
913080
913219
913350
913406
913428
913576
913839
914230
914292
914409
915549
915588
915693
915886
916236
916440
916713
916733
916824
917246
917284
917371
917414
917421
917550
918113
918421
918538
918643
918925
918957
918992
919080
919170
919305
919411
919517
919655
919983
920101
920237
920530
920671
920793
920981
921047
921125
921201
921519
921832
922099
922152
922211
922389
922765
922819
923058
923062
923576
923661
923823
923851
923921
924204
924231
924259
924343
924537
924830
924892
925210
925277
925295
925450
925498
925865
925891
926065
926435
926562
926689
926716
926831
926845
926944
927329
927346
927474
927969
928091
928538
929018
929043
929268
929276
929897
929987
930324
930508
930654
930882
930994
931032
931219
931294
931369
931499
931544
931706
932211
932338
932596
932657
932737
933131
933298
933417
933538
933841
934041
934105
934818
934884
935092
935658
935806
935811
935894
936077
936599
936698
936741
936791
936795
936974
937051
937281
937816
937953
938159
938521
938847
939157
939649
940143
940241
940738
940797
940825
941216
941410
941518
941740
941988
942016
942061
942155
942779
942907
943160
943388
943607
943717
944120
944250
944494
944764
945019
945253
945257
945364
945565
945838
946147
946572
946934
946981
947014
947159
947441
947602
947799
947845
947926
947975
947982
948021
948142
948220
948294
948391
949268
949328
949539
949734
949870
950028
950072
951470
951521
952114
952153
952485
952655
952691
952767
952923
953055
953352
953638
953638
953852
953915
954370
954657
955356
955583
955704
956180
956263
956582
957058
957473
957478
957838
958404
958410
958742
958767
958784
958826
958886
959159
959221
960218
960265
960423
960526
960658
960757
960790
960996
961000
961038
961076
961112
961268
961314
961497
961846
961866
961917
961929
962079
962198
962475
962540
963022
963031
963368
963628
963695
963712
963788
963851
963873
964088
964378
964747
964853
964916
965401
966144
966519
966822
967133
967257
967696
967884
968321
968481
968759
968927
969244
969550
969672
970077
970118
970157
970572
970773
970805
970982
971050
971888
971916
971989
972040
972283
972528
972557
973017
973173
973255
973541
973740
974121
974491
974525
974722
974959
975247
975689
976168
976196
976282
976741
976842
977287
977654
977914
978034
978042
978128
978143
978614
978890
979035
979067
979091
979393
979472
979609
980391
980853
980869
981031
981065
981313
981434
981523
981679
981723
981735
981768
981769
981780
981798
982001
982098
982461
982489
982698
982897
983128
983454
983579
983926
983931
984276
984436
984456
984458
984690
985089
985664
986171
986274
986593
986630
986759
986814
987426
987565
987807
987858
988021
988139
988511
989037
989427
989498
989526
989792
990059
990072
990169
990506
990712
990960
991169
991241
991533
991829
991843
991900
991943
992194
992499
992735
992762
992859
992990
993041
993065
993178
993760
993810
993906
993924
994191
994410
994477
994512
994952
995006
995294
996660
996965
996993
997056
997325
997598
997804
998086
998098
998246
998290
998300
998854
999137
999140
999218
999372
999406
999458
999761
999782
999790
999872
999881
999971
