-999883
-999562
-999523
-999395
-999319
-998520
-998431
-998115
-997806
-997733
-996916
-996723
-996675
-996424
-995624
-995478
-995267
-995196
-995003
-994854
-994452
-994446
-994374
-994230
-994120
-994030
-993858
-993647
-993603
-993424
-993112
-992725
-992685
-992634
-992577
-992254
-992106
-992033
-991863
-991814
-991719
-991632
-990825
-990752
-990668
-990447
-990423
-990421
-990318
-990314
-989889
-988699
-988585
-988437
-988430
-988269
-988251
-988245
-987778
-987719
-987614
-987512
-987392
-986904
-986526
-986327
-986229
-986161
-986010
-985772
-985637
-985507
-985399
-985379
-985212
-984764
-984371
-983932
-983909
-983485
-983401
-983245
-983066
-982976
-982627
-982531
-982521
-982354
-982129
-982077
-982009
-981748
-981670
-981583
-981579
-981285
-980782
-980510
-980386
-980328
-980323
-979475
-979166
-978775
-978607
-978548
-978499
-978449
-978418
-978343
-978141
-977919
-977402
-977006
-976788
-976736
-976715
-976565
-976381
-976070
-975969
-975710
-975679
-975557
-975372
-975239
-974924
-974684
-974597
-974573
-974508
-974427
-974335
-974159
-974056
-973927
-973880
-973697
-973551
-973460
-973157
-972947
-972761
-972320
-972315
-972209
-972059
-971422
-971361
-971309
-971111
-970826
-970789
-970615
-970478
-970328
-970211
-970199
-970118
-969990
-969971
-969927
-969671
-969362
-969347
-969245
-969103
-968797
-968721
-968645
-968229
-968110
-967836
-967704
-967136
-966693
-966623
-966435
-966332
-966087
-965926
-965667
-965368
-964959
-964923
-964899
-964797
-964577
-964288
-964168
-963607
-963216
-963082
-962945
-962930
-962440
-962369
-962294
-962152
-961629
-961563
-961075
-961001
-960935
-960839
-960814
-960723
-960581
-960331
-960236
-959941
-959844
-959810
-959609
-959351
-959310
-959209
-959194
-959115
-958958
-958286
-958221
-958130
-958059
-957726
-957462
-957213
-957114
-957014
-956723
-956713
-956614
-956583
-956501
-956321
-955889
-955880
-955772
-955702
-955700
-955573
-955142
-954769
-954285
-953661
-953607
-953605
-953367
-953218
-953026
-952682
-952475
-952468
-952275
-952274
-952210
-952027
-951794
-951581
-951241
-950728
-950489
-950032
-949969
-949930
-949788
-949089
-949028
-949012
-948877
-948702
-948595
-948574
-948559
-948475
-947900
-947868
-947581
-947248
-946901
-946658
-946449
-946223
-946117
-945999
-945745
-945584
-945348
-945295
-945106
-945098
-944890
-944795
-944507
-944233
-944223
-944113
-943672
-943483
-943228
-943162
-943152
-943120
-943092
-943060
-942772
-942667
-942652
-942597
-941952
-941616
-941285
-941072
-940981
-940649
-939805
-939790
-939656
-939401
-938733
-938375
-938197
-938196
-937903
-937856
-937655
-937286
-937279
-937164
-937035
-936820
-936466
-936293
-936222
-936151
-935807
-935781
-935640
-935517
-935336
-935243
-935080
-934964
-934928
-934921
-934911
-934598
-934465
-934416
-933870
-932978
-932957
-932800
-932762
-932491
-932079
-932003
-931655
-931639
-931539
-931525
-931388
-931329
-930845
-930646
-930390
-929571
-929457
-929380
-929046
-929016
-928964
-928410
-928386
-928228
-927934
-927583
-927575
-927534
-927509
-927435
-927322
-926833
-926824
-926016
-925796
-925627
-925556
-925343
-925293
-925160
-925100
-925086
-924615
-924549
-924256
-924116
-923670
-923349
-923047
-922986
-922852
-922716
-922596
-922520
-922445
-922333
-921996
-921968
-921912
-921833
-921733
-920980
-920579
-920572
-920329
-920107
-919507
-919127
-919050
-918993
-918939
-918865
-918615
-918565
-918558
-918132
-918073
-918032
-917981
-917959
-917419
-917355
-917126
-916945
-916938
-916865
-916787
-916266
-916094
-916069
-916061
-916027
-915731
-915433
-914840
-914434
-914356
-914209
-914038
-913933
-913706
-913618
-913267
-912902
-912534
-912416
-912343
-912322
-912020
-912016
-911739
-911356
-911227
-911011
-910677
-910141
-909796
-909789
-909748
-909090
-908803
-908785
-908715
-908578
-908524
-908435
-908380
-907966
-907831
-907170
-906911
-906760
-906673
-906252
-905886
-905703
-905524
-905415
-905050
-904104
-903599
-903211
-903066
-902922
-902843
-902698
-902611
-902461
-902238
-902172
-902107
-902064
-902051
-901970
-901422
-901318
-901179
-900992
-900414
-900406
-900288
-900250
-900201
-900044
-899994
-899743
-899706
-899515
-899165
-899130
-898790
-898680
-898545
-898544
-898500
-898305
-897454
-897090
-897052
-896731
-896495
-896482
-896187
-896137
-896125
-895988
-895832
-895797
-895714
-895706
-895693
-895682
-895661
-895597
-895345
-895170
-894852
-894757
-894283
-894211
-894103
-893962
-893905
-893833
-893774
-893313
-892820
-892467
-892351
-892268
-892125
-891616
-891488
-891308
-891240
-890924
-890892
-890399
-890352
-889914
-889557
-888440
-888367
-888302
-888267
-888253
-888061
-887191
-886679
-886017
-885909
-885239
-885079
-885051
-884981
-884882
-884742
-884701
-884588
-884495
-884386
-884228
-884156
-883879
-883858
-883593
-883501
-883499
-883277
-883135
-883052
-882438
-882097
-881853
-881599
-880826
-880392
-880199
-880023
-879200
-878916
-878834
-878744
-877285
-876817
-876472
-876257
-876108
-875302
-874829
-874645
-874502
-874495
-874435
-873902
-873107
-873011
-872774
-872597
-872285
-872239
-872198
-871949
-871935
-871884
-871822
-871735
-871703
-870857
-870734
-870705
-869910
-869900
-869866
-869251
-869077
-868843
-868816
-868755
-868617
-868552
-868525
-868272
-867892
-867581
-867401
-867333
-867148
-866678
-866531
-866384
-866356
-866194
-866003
-865680
-865270
-864976
-864918
-864868
-864816
-864585
-864329
-864191
-863846
-863822
-863179
-862731
-862724
-862548
-862490
-862046
-862002
-861986
-861722
-861615
-861571
-861553
-861450
-861376
-861337
-861290
-861029
-860721
-860573
-860426
-860351
-860268
-860137
-859940
-859939
-859913
-859697
-859375
-858977
-858798
-858612
-858230
-857872
-857854
-857841
-857489
-857089
-856816
-856693
-856534
-856442
-856222
-855979
-855404
-855122
-855022
-855004
-854707
-854474
-854436
-854381
-854305
-854290
-854043
-853944
-853814
-853639
-853564
-853343
-853267
-853055
-852830
-852491
-852033
-852010
-851809
-851791
-851788
-851634
-851612
-851290
-850577
-850437
-850205
-850104
-849906
-849889
-849461
-849197
-849171
-849054
-848923
-848808
-848390
-847940
-847197
-847121
-846410
-846378
-845918
-845687
-845637
-845611
-845532
-845518
-845416
-845284
-845096
-845042
-844988
-844539
-844526
-844308
-844251
-844244
-843704
-843639
-843190
-842435
-842137
-842132
-842063
-841926
-841733
-841711
-841222
-840956
-840926
-840680
-840600
-840459
-840233
-839761
-839642
-838861
-838655
-838547
-838321
-838272
-838241
-838211
-838199
-838155
-838049
-837759
-837315
-837209
-837152
-837152
-837121
-836701
-836639
-836635
-835766
-835756
-835381
-834881
-834850
-834775
-833756
-833435
-832944
-832908
-832772
-832762
-832560
-832224
-831888
-831796
-831556
-831317
-830830
-830725
-830350
-830122
-829837
-829819
-829812
-829780
-829290
-829131
-828161
-827139
-826709
-826696
-826670
-826362
-826348
-826040
-825931
-825835
-825782
-825759
-825739
-825663
-825497
-825445
-825427
-825149
-825116
-825091
-825019
-824894
-824777
-824719
-824237
-824234
-823887
-823661
-823658
-823327
-822930
-822876
-822736
-822264
-821463
-821403
-821306
-821230
-820991
-820957
-820748
-820681
-820501
-820250
-820147
-819958
-819919
-819863
-819774
-819657
-819383
-819091
-819055
-818893
-818168
-817945
-817654
-817646
-817605
-817499
-817112
-817088
-816972
-816757
-816655
-816641
-815948
-815580
-815415
-815403
-815221
-814003
-813969
-813861
-813717
-813398
-813105
-812870
-812634
-812501
-812202
-811999
-811282
-811150
-811147
-811140
-811061
-810893
-810808
-810681
-810234
-810220
-810180
-810047
-809791
-809606
-809370
-809341
-809056
-808340
-807846
-807639
-807519
-807402
-807303
-807218
-806870
-806770
-806758
-806656
-806602
-806520
-806447
-805943
-805863
-805476
-805278
-804899
-803464
-803408
-803183
-803122
-803104
-802827
-802657
-802654
-802556
-802300
-802246
-802162
-802073
-801990
-801550
-801488
-801394
-801350
-801033
-800943
-800810
-800724
-800372
-799833
-799788
-799645
-799630
-799606
-799562
-799549
-799076
-799020
-798901
-798660
-798491
-798215
-797929
-797866
-797843
-797809
-797743
-797566
-797497
-797473
-797160
-797120
-797071
-797042
-796705
-796510
-795555
-795421
-795325
-795300
-795234
-795173
-795039
-794948
-794786
-794638
-794470
-794087
-793843
-793280
-793064
-792903
-792539
-792305
-792100
-791901
-791876
-791857
-791759
-791645
-791589
-791282
-791253
-791226
-790507
-790421
-790330
-790074
-790045
-789952
-789932
-789908
-789652
-788922
-788798
-788554
-788108
-787996
-787992
-787595
-787479
-787300
-786804
-786732
-786675
-785964
-785810
-785337
-785280
-785244
-784845
-784814
-784788
-784738
-784517
-783958
-783950
-783509
-782533
-782395
-782381
-782333
-782309
-781886
-781882
-781880
-781762
-781727
-781348
-781206
-780481
-780409
-780384
-780270
-780140
-779797
-779597
-779511
-779366
-779247
-779246
-778984
-778517
-778462
-778062
-778026
-777749
-777640
-777525
-777009
-777003
-776617
-776560
-776325
-776183
-775499
-775035
-775005
-773698
-773184
-773158
-772896
-772717
-772379
-772240
-772110
-772038
-771720
-771483
-771288
-771087
-770730
-770175
-768839
-768437
-768393
-768307
-768018
-767962
-767471
-767434
-767355
-767286
-767150
-766981
-766815
-766673
-766507
-766136
-766132
-765750
-765564
-765385
-765153
-765130
-765006
-764821
-764530
-763943
-763761
-763717
-763259
-763149
-763143
-763064
-762874
-762847
-762789
-762772
-762755
-761825
-761752
-761321
-761295
-761029
-760842
-760810
-760384
-759791
-759790
-759717
-759383
-759371
-759203
-759195
-758819
-758303
-757743
-757549
-757346
-757251
-757053
-757033
-756558
-756467
-756326
-756095
-755834
-755463
-755376
-755055
-754610
-754580
-754214
-753890
-753599
-753354
-753341
-753226
-753106
-752871
-752727
-752088
-751756
-750827
-750340
-750324
-749906
-749704
-749683
-749580
-749305
-749063
-748905
-748430
-748018
-748005
-747850
-747620
-747069
-746966
-746904
-746678
-746575
-746531
-746049
-745268
-745266
-745141
-744827
-744742
-744732
-744553
-744542
-744506
-744255
-744124
-743864
-743750
-743564
-743150
-743046
-742968
-742900
-742844
-742262
-741718
-741667
-741610
-741575
-741562
-741453
-740967
-740783
-740708
-740507
-740203
-740147
-739317
-739270
-739241
-738519
-738325
-738298
-738147
-738108
-738100
-738079
-738031
-737573
-737085
-736799
-736725
-736625
-736489
-735878
-735830
-735455
-735357
-735305
-735037
-734715
-734699
-734552
-734339
-734109
-733892
-733881
-733602
-733515
-733446
-733373
-732995
-732435
-732390
-732370
-732288
-732121
-731903
-731871
-731853
-731604
-731297
-731245
-731113
-731099
-730824
-730776
-730445
-730438
-730250
-730214
-730160
-730116
-730047
-730045
-730017
-729833
-729640
-729488
-729110
-729060
-728912
-728854
-728782
-728729
-728519
-728445
-728010
-727949
-727759
-727477
-727073
-726622
-726316
-726313
-726193
-726092
-725810
-725516
-725144
-724957
-724895
-724754
-724454
-724265
-724250
-724200
-724149
-723765
-723513
-723296
-723100
-723029
-722973
-722881
-722802
-722340
-721783
-721536
-721408
-721005
-720793
-720413
-720168
-719873
-719368
-718505
-718490
-718414
-718212
-718074
-717674
-717587
-717582
-717401
-717366
-716988
-716742
-716070
-715824
-715706
-714887
-714864
-714385
-713978
-713648
-713524
-713482
-713384
-713241
-712983
-712855
-712754
-712374
-712296
-711988
-711706
-711518
-711361
-711210
-711031
-710413
-710235
-710173
-710073
-709763
-709622
-709427
-709178
-708775
-708497
-708414
-708376
-708365
-708358
-708095
-707548
-706373
-706220
-706130
-705985
-705768
-705507
-705398
-705045
-704874
-703856
-703707
-703678
-702964
-702723
-702540
-702366
-702226
-701863
-701645
-701602
-701435
-701420
-701370
-701305
-701171
-700220
-700103
-699969
-699799
-699109
-698974
-698903
-698816
-698584
-697749
-697468
-697201
-697194
-696997
-696945
-696730
-696634
-696466
-696367
-696316
-696005
-695920
-695702
-695677
-695581
-695314
-695090
-694736
-694606
-694493
-694482
-694258
-693956
-693876
-693826
-693656
-693542
-693388
-693242
-692982
-692769
-692513
-692289
-692150
-691725
-691685
-691372
-691331
-691273
-691153
-691138
-690979
-690916
-690905
-690294
-690078
-689729
-689721
-689619
-689551
-688457
-688396
-688323
-688148
-687726
-687595
-687060
-686531
-686510
-686475
-686276
-686211
-685950
-685930
-685372
-684993
-684773
-684535
-684426
-684324
-684267
-684182
-683166
-682935
-682334
-681814
-681433
-681325
-681266
-681179
-680799
-680686
-680569
-680293
-680192
-680131
-680014
-679939
-679827
-679229
-679112
-679036
-678979
-678964
-678609
-678516
-678188
-677773
-677548
-676249
-676233
-676183
-676114
-675875
-675671
-675380
-674911
-673354
-673242
-673009
-672440
-672391
-672138
-671943
-671772
-671719
-671565
-671249
-671232
-670821
-670769
-670695
-670659
-670526
-670460
-670179
-669959
-669959
-669876
-669419
-669226
-669193
-669143
-668757
-668647
-668576
-668552
-668421
-668297
-667797
-667642
-667629
-667532
-667269
-667117
-667014
-666864
-666186
-665879
-665577
-665194
-665130
-664937
-664874
-664872
-664206
-662986
-662958
-662755
-662712
-662536
-662375
-662017
-661840
-661611
-661409
-661168
-661096
-660311
-660071
-659983
-659943
-659709
-659542
-659540
-659392
-659192
-659164
-659122
-659048
-659001
-658979
-658825
-658781
-658742
-658713
-658526
-657980
-657819
-657776
-656868
-656827
-656422
-656220
-656126
-656035
-655921
-655853
-655611
-655605
-655600
-655580
-655312
-655139
-654802
-654692
-654500
-654369
-654154
-653990
-653898
-653787
-653432
-653241
-653151
-653123
-652948
-652696
-652279
-652030
-652005
-651948
-651544
-651537
-651530
-651466
-651349
-650598
-650577
-650265
-650233
-649879
-649835
-649233
-649206
-649203
-649101
-648979
-648347
-648226
-648197
-648072
-647701
-647596
-647461
-646788
-646648
-646620
-646327
-646277
-646083
-645912
-645712
-645423
-645226
-645158
-644291
-644118
-643505
-643123
-642993
-642849
-642498
-642227
-642114
-642075
-642070
-642050
-641972
-641731
-641633
-641426
-641240
-641001
-641000
-640947
-640847
-640407
-640075
-640066
-639946
-639606
-639605
-639233
-638623
-638382
-638205
-637919
-637333
-636302
-636239
-636055
-635906
-635825
-635810
-635482
-635436
-635370
-635035
-634874
-634747
-634117
-633556
-633531
-633283
-632895
-632760
-632733
-632559
-632180
-632144
-632038
-632030
-631852
-631276
-631025
-630888
-630673
-630551
-630520
-630465
-630367
-629961
-629568
-629346
-629285
-629246
-628890
-628731
-628342
-628177
-627772
-627737
-627112
-626820
-626644
-626407
-626094
-626005
-625671
-625570
-625487
-625462
-625257
-625220
-625016
-624924
-624837
-624778
-624467
-624246
-624194
-624120
-624026
-623639
-623278
-622815
-622731
-622697
-622212
-622076
-621878
-621796
-621361
-621334
-621295
-621180
-621046
-621029
-620965
-620282
-620177
-620117
-619999
-619775
-619603
-619412
-619338
-619322
-619016
-618994
-618882
-618732
-618671
-618018
-617875
-617668
-617280
-616754
-616549
-616365
-616121
-616001
-615939
-615496
-615181
-615118
-615013
-614511
-613917
-613661
-613619
-613530
-613490
-613148
-613107
-613093
-613079
-612847
-612183
-612101
-612035
-612031
-611873
-611724
-611688
-611502
-611461
-611386
-611293
-611017
-610464
-610219
-610074
-609822
-609690
-609094
-609079
-609006
-608987
-608774
-608581
-608346
-608011
-607678
-607510
-607354
-607108
-607033
-606018
-605765
-605693
-605635
-605237
-605189
-604981
-604924
-604422
-604138
-603530
-603054
-602937
-602424
-602296
-601824
-601492
-601176
-601151
-600984
-600743
-600691
-600566
-600339
-600017
-600012
-599829
-599718
-599265
-599167
-598936
-598894
-598473
-598371
-598347
-597814
-597772
-597756
-597737
-597579
-597563
-597422
-597222
-596656
-596581
-596433
-596220
-595585
-594924
-594871
-594779
-594703
-594264
-594062
-593909
-593463
-593376
-593286
-593111
-593103
-592851
-592824
-592499
-592453
-592231
-592044
-591930
-591728
-591650
-591552
-591531
-591301
-591101
-590424
-590368
-590187
-589797
-589770
-589719
-589544
-589306
-589136
-589054
-589024
-588893
-588781
-588413
-588334
-588221
-588103
-587797
-587252
-586727
-586674
-586584
-586516
-586480
-586415
-586387
-586346
-586324
-586018
-585940
-585785
-585340
-585327
-585031
-584533
-584425
-584216
-584096
-583940
-583876
-583816
-583555
-583100
-582232
-582230
-582178
-582166
-581528
-581414
-581327
-581219
-581131
-580950
-580843
-580579
-580561
-580255
-580215
-580103
-579344
-579173
-579165
-578671
-578420
-578401
-578375
-578289
-577927
-577927
-577787
-577500
-577110
-576932
-576442
-576033
-576021
-576018
-575912
-575682
-575675
-575608
-574922
-574915
-574810
-574778
-574659
-574576
-574537
-574305
-574287
-573895
-573752
-573719
-573544
-572992
-572901
-572009
-571843
-571536
-571397
-571273
-571158
-570780
-570558
-570492
-570467
-570417
-570340
-570320
-570300
-570074
-569711
-569525
-569234
-569188
-568881
-568576
-568465
-568383
-567600
-567533
-566980
-566677
-566445
-566285
-566229
-565765
-565580
-565486
-565216
-564927
-564311
-564156
-564150
-563922
-563344
-563207
-563100
-562923
-562857
-562582
-562531
-562254
-562224
-562219
-562214
-562176
-562111
-562024
-561953
-561895
-561825
-561681
-561288
-561159
-560975
-560724
-560584
-560568
-560380
-560314
-559938
-559842
-559585
-559541
-559244
-559210
-559191
-558435
-558399
-558184
-558175
-557844
-557713
-557549
-557521
-557457
-557146
-557030
-556868
-556698
-556378
-555972
-555848
-555249
-554912
-554570
-554435
-554229
-554228
-553955
-553889
-553805
-553735
-553151
-552304
-552147
-552132
-551823
-551687
-551269
-551023
-550799
-550640
-550566
-550555
-550548
-549767
-549760
-549079
-548846
-548765
-548375
-548193
-548086
-547702
-547665
-547609
-547521
-547226
-546985
-546843
-546785
-546664
-546650
-546619
-546524
-546331
-546108
-545990
-545428
-545261
-545249
-545091
-545033
-544954
-544366
-544312
-543887
-543561
-543286
-542924
-542876
-542696
-542377
-542171
-542006
-541950
-541910
-541900
-541855
-541821
-541693
-541174
-541157
-541017
-540547
-540463
-540247
-540246
-539959
-539850
-539450
-539367
-539166
-537844
-537463
-537172
-536474
-536081
-535611
-535181
-535172
-535123
-534960
-534956
-534909
-534649
-534538
-534439
-534356
-533584
-533235
-533171
-533126
-532965
-532762
-532380
-531553
-531481
-531399
-531378
-531183
-530997
-530902
-530883
-530737
-530350
-530111
-529794
-529639
-529428
-528956
-528755
-528577
-528477
-528435
-528391
-527640
-527401
-527346
-527288
-527016
-526839
-526784
-526759
-526691
-526407
-526038
-525904
-525857
-525758
-525424
-525217
-525052
-524779
-524746
-524665
-524620
-523969
-523603
-523588
-523521
-523453
-523399
-523135
-522926
-522912
-522887
-522755
-522697
-522509
-521987
-521894
-521800
-521757
-521478
-521352
-521346
-521186
-521175
-521153
-521095
-521025
-520806
-520733
-520671
-520258
-520235
-520115
-519976
-519343
-519185
-519183
-519084
-519032
-518388
-518304
-518224
-518223
-518132
-517846
-517719
-517695
-517655
-517610
-517529
-517427
-517266
-517000
-516899
-516754
-516437
-516409
-516289
-516275
-516219
-515958
-515837
-515450
-515327
-515181
-515110
-515091
-515019
-514963
-514912
-514580
-514117
-514003
-513976
-513740
-513343
-513227
-512543
-512399
-512263
-511989
-511941
-511857
-511759
-511752
-511640
-511538
-511495
-511445
-511285
-511060
-510982
-510593
-510557
-510448
-510364
-510039
-509866
-509840
-509640
-509542
-509323
-508890
-508802
-508563
-508407
-508001
-507622
-507312
-507304
-506977
-506730
-506670
-506126
-505882
-505881
-505813
-505536
-505476
-505302
-505256
-504772
-504324
-504273
-504225
-504044
-504017
-503905
-503899
-503611
-503584
-503452
-503434
-503410
-503365
-503324
-502837
-502573
-502274
-502184
-502018
-501800
-501480
-501339
-501060
-500954
-500887
-500383
-500286
-500226
-499876
-499811
-499660
-499439
-499152
-499006
-498932
-498684
-498466
-498359
-498290
-498262
-498179
-498150
-498149
-498074
-497838
-497837
-497785
-497692
-497645
-497498
-497261
-496502
-496343
-495866
-495571
-495570
-495556
-495483
-495309
-494888
-494818
-494738
-494726
-494299
-493924
-493918
-493248
-493151
-493112
-493087
-492991
-492667
-492610
-492462
-492322
-491902
-491377
-491204
-491175
-491066
-490867
-490602
-489586
-489528
-489492
-489468
-489457
-489416
-488924
-488732
-488652
-488468
-488323
-488000
-487858
-487530
-487386
-487380
-487373
-487023
-486748
-486734
-486543
-486405
-486198
-486014
-485843
-485774
-485665
-485129
-484821
-484785
-484705
-484664
-484654
-484484
-484473
-484405
-484071
-484055
-483631
-483486
-483354
-483268
-483230
-483073
-482786
-482736
-482630
-482538
-482435
-482408
-482295
-482077
-481898
-481745
-481628
-481225
-481091
-481016
-481009
-480820
-480599
-480433
-480293
-479861
-479838
-479470
-479368
-479196
-478894
-478510
-478376
-477758
-477519
-477259
-477193
-476931
-476857
-476115
-475788
-475624
-475132
-474996
-474906
-474819
-474434
-473658
-473403
-473217
-472867
-472849
-472774
-472697
-472464
-471983
-471305
-470681
-469845
-469634
-469437
-469314
-468371
-468323
-468300
-468278
-467883
-467685
-467272
-466925
-466775
-466765
-466715
-466671
-465615
-465202
-465194
-465082
-465012
-464907
-464436
-463787
-463747
-463543
-463380
-463256
-463200
-463097
-463010
-462937
-462925
-462789
-462532
-462319
-462263
-461994
-461680
-461576
-461286
-461175
-461082
-460504
-460075
-459805
-459726
-459152
-458661
-458441
-458247
-457962
-457827
-457805
-457287
-457256
-457143
-456916
-456792
-456665
-456189
-455603
-455592
-455050
-454988
-454927
-454819
-454485
-454277
-453826
-453589
-453432
-453418
-453170
-453094
-452798
-452776
-452267
-452206
-452093
-451948
-451932
-451688
-451538
-451028
-450609
-450399
-450375
-450204
-450112
-450079
-450040
-449974
-449872
-449676
-449428
-449289
-449126
-448632
-448085
-448054
-448005
-447697
-447422
-447412
-447120
-446383
-446157
-445939
-445776
-445261
-444736
-444356
-444277
-444221
-444041
-443899
-443867
-443669
-443510
-443355
-443230
-443173
-442984
-442924
-442864
-442853
-442636
-442563
-442351
-441818
-441715
-441658
-441468
-441383
-441368
-441284
-441194
-441044
-440793
-440698
-440626
-440325
-440320
-440174
-440141
-438548
-438364
-438362
-438228
-438154
-438126
-437460
-437220
-437002
-436967
-436893
-436765
-436762
-436244
-435899
-435765
-435416
-435220
-434960
-434521
-434287
-434090
-433556
-433520
-433271
-432882
-432826
-432786
-432754
-432628
-432331
-432291
-432001
-431933
-431710
-431429
-431074
-430887
-430712
-430464
-430365
-430095
-429878
-429789
-429711
-429707
-429662
-429432
-429023
-427849
-427283
-427154
-426931
-426665
-426261
-426068
-425949
-425929
-425663
-425606
-425597
-425554
-425540
-425189
-425133
-425109
-425033
-424970
-424784
-424649
-424174
-424144
-423637
-423494
-423380
-423285
-423156
-422991
-422884
-422861
-422288
-422096
-421911
-421861
-421512
-421322
-421072
-421044
-420636
-420562
-420056
-420023
-419985
-419705
-419693
-419485
-419128
-419036
-418964
-417872
-417798
-417308
-417010
-416728
-416593
-416357
-416117
-416089
-415869
-415403
-415270
-415049
-414994
-414961
-414182
-414123
-413242
-413239
-413103
-412624
-412469
-411753
-411474
-411399
-411348
-411323
-411268
-410825
-410711
-410684
-410672
-410665
-410662
-410565
-410510
-410448
-410385
-409828
-409599
-409514
-409186
-408926
-408715
-408669
-408557
-408370
-408302
-408078
-407923
-407920
-407854
-407387
-407189
-407141
-407089
-406862
-406293
-405913
-405778
-405743
-405540
-405433
-405414
-405352
-405199
-404981
-404631
-404514
-404423
-404292
-404167
-403900
-403790
-403733
-403715
-403437
-403216
-402838
-402595
-402485
-402337
-402216
-401897
-401808
-401776
-401706
-401597
-400772
-400709
-399816
-399769
-399492
-399383
-399248
-399103
-398883
-398767
-398682
-398443
-398289
-397990
-397953
-397905
-397839
-397757
-397754
-397711
-397654
-397425
-397419
-397279
-397143
-396990
-396875
-396873
-395813
-395631
-395620
-395583
-395302
-395283
-395120
-394748
-394692
-394404
-394207
-394117
-394110
-393675
-393155
-392836
-392715
-392611
-392587
-392253
-391850
-390995
-390212
-390211
-390093
-389885
-388805
-388744
-388689
-388440
-388432
-388340
-387907
-387850
-387764
-387674
-387452
-387449
-387327
-387176
-387056
-385977
-385690
-385664
-385593
-385094
-384821
-384664
-384592
-384278
-384184
-384006
-383738
-383088
-382230
-382089
-381918
-381886
-381838
-381799
-381650
-381291
-381207
-380718
-380669
-380648
-380522
-380437
-380185
-379732
-379690
-379289
-379055
-378673
-378596
-378409
-378380
-378313
-378288
-377773
-377741
-377535
-377313
-377300
-377014
-376625
-376573
-376208
-375923
-375886
-375268
-375219
-374893
-374598
-374442
-374311
-374278
-374204
-373530
-373185
-373126
-372993
-372837
-372808
-372414
-372319
-372183
-372040
-372017
-371857
-371544
-371501
-371282
-371194
-371131
-370375
-370286
-369655
-369224
-369203
-369165
-369160
-369113
-369024
-368600
-368531
-368461
-368037
-367885
-367699
-367199
-367105
-367078
-367066
-366938
-366729
-366641
-365955
-365930
-365745
-365727
-365292
-365268
-365264
-365025
-364984
-364972
-364932
-364858
-364823
-364527
-364196
-364092
-363975
-363945
-363857
-363533
-363393
-363346
-363243
-363083
-362911
-362814
-362786
-362340
-362297
-362294
-362097
-361778
-361755
-361469
-361281
-361276
-361260
-360936
-360935
-360654
-360458
-360153
-359965
-359833
-359813
-359708
-359682
-359637
-358642
-358283
-358230
-358209
-358203
-358074
-358067
-357875
-357854
-357777
-357604
-357282
-357190
-356968
-356177
-356172
-356153
-355682
-355616
-355573
-355570
-354939
-354900
-354746
-354330
-354290
-354066
-353427
-353076
-352883
-352869
-352690
-352452
-351968
-351886
-351867
-351765
-351535
-351266
-350878
-350736
-350524
-350498
-349872
-349721
-349208
-349174
-349124
-348997
-348734
-348632
-348572
-348058
-347811
-347560
-347559
-347511
-346104
-345943
-345669
-345552
-345504
-345439
-344502
-344446
-343795
-343495
-343451
-343151
-343028
-342929
-342922
-342872
-342773
-342340
-342051
-341906
-341751
-341518
-341297
-341286
-340872
-340841
-340431
-340165
-340136
-339773
-339320
-339241
-339154
-338970
-338869
-338647
-338324
-338264
-338241
-338105
-337782
-337724
-337645
-337263
-336968
-336696
-336578
-336257
-336256
-336256
-336170
-336162
-336151
-336007
-335819
-335738
-335579
-335349
-335293
-335252
-335241
-335213
-335173
-335154
-334686
-334247
-334142
-333940
-333828
-333186
-333069
-332321
-331969
-331875
-331776
-331581
-331531
-331530
-331420
-331277
-331153
-330692
-330553
-330517
-330400
-330393
-330389
-330375
-329926
-329862
-329796
-329740
-329470
-329451
-329179
-329117
-329049
-329000
-328854
-328721
-328613
-328504
-328151
-327915
-327486
-327243
-327092
-326820
-325981
-325980
-325688
-325661
-325356
-325240
-325092
-325025
-324832
-324579
-324527
-324414
-324334
-324224
-323894
-323678
-322827
-322609
-322260
-321994
-321804
-321381
-321281
-321183
-321069
-321052
-320971
-320681
-320545
-320259
-320028
-319974
-319722
-319704
-319207
-319194
-319140
-318953
-318719
-318704
-318701
-317875
-317833
-317361
-317290
-317179
-316965
-316933
-316893
-316706
-315299
-315283
-315171
-314887
-314760
-314729
-314671
-314613
-314525
-314427
-314002
-313847
-313742
-313602
-313482
-313322
-313257
-312981
-312892
-312800
-312616
-312563
-312199
-311862
-311708
-311600
-311594
-311554
-311422
-311405
-311252
-311158
-310722
-310380
-310274
-310266
-310217
-309881
-309787
-309437
-308491
-307803
-307401
-307394
-307262
-306803
-306443
-305888
-305237
-305097
-304706
-304239
-304213
-304040
-303985
-303703
-303103
-303100
-303070
-302867
-302766
-302644
-302541
-302527
-301983
-301613
-301549
-301101
-301020
-300986
-300662
-300377
-300208
-299989
-299891
-299616
-299600
-299548
-299449
-299433
-299432
-299421
-299224
-299128
-298838
-298820
-298206
-298032
-297956
-297687
-297398
-297025
-296738
-296463
-295510
-295189
-295134
-295034
-294830
-294667
-294640
-294542
-294238
-293782
-293699
-293151
-292777
-292762
-292659
-292629
-292372
-292140
-292046
-291956
-291857
-291833
-291637
-291619
-291483
-290807
-290379
-290166
-289864
-289742
-289658
-289643
-289640
-289235
-289060
-288858
-288765
-288261
-288140
-287968
-287963
-287839
-287723
-287593
-287445
-286861
-286729
-286688
-286217
-286195
-285888
-285369
-285147
-284760
-284647
-284405
-284316
-284223
-283868
-283845
-283488
-283420
-283366
-283214
-282747
-282686
-282218
-282178
-281980
-281918
-281907
-281824
-281735
-281640
-281625
-281144
-281002
-280983
-280646
-280170
-280117
-279700
-279611
-279440
-279237
-279111
-279085
-278373
-278334
-278014
-277865
-277391
-277245
-277186
-277170
-276997
-276765
-276663
-276016
-275788
-275687
-275413
-275026
-274989
-274512
-274379
-274308
-273902
-273760
-273665
-273583
-273045
-272797
-272272
-271687
-271516
-271485
-271179
-271068
-270722
-270395
-270271
-270050
-269784
-269489
-268582
-268344
-268239
-267970
-267869
-266966
-266899
-266867
-266748
-266572
-266259
-266002
-265803
-265599
-265494
-265256
-265217
-264942
-264524
-263831
-263741
-263529
-263407
-263313
-263109
-262872
-262658
-262600
-262599
-262524
-262396
-262357
-262246
-261850
-261835
-261804
-261741
-261473
-260793
-260768
-260706
-260518
-260280
-260237
-260019
-259868
-259464
-259376
-259261
-259121
-258923
-258874
-258863
-258810
-258741
-258255
-258169
-258099
-257961
-257786
-257258
-257220
-257201
-256995
-256952
-256923
-256850
-256786
-256394
-256343
-256291
-256117
-255775
-255590
-255181
-254788
-254679
-254433
-254386
-254364
-254346
-254335
-254333
-253804
-253530
-253433
-253220
-252828
-252288
-252277
-252004
-251866
-251367
-251264
-251225
-251037
-251004
-250814
-250636
-250570
-250481
-250352
-250197
-249935
-249769
-249533
-248666
-248599
-248354
-247636
-247585
-247579
-247250
-246764
-246721
-246719
-246410
-246313
-246280
-246190
-245811
-245626
-245509
-245159
-245102
-244935
-244801
-244706
-244224
-244082
-244018
-243773
-243769
-243662
-243432
-243402
-243214
-242884
-242803
-242154
-241333
-241182
-241148
-241141
-241138
-241108
-240842
-240718
-240547
-240529
-240412
-240193
-240128
-240103
-240064
-240062
-239895
-239743
-239473
-239242
-238972
-238697
-238673
-238638
-238448
-238442
-238368
-238232
-238129
-237963
-237939
-237877
-237687
-237656
-237332
-237186
-236964
-236934
-236873
-236331
-236264
-236112
-236020
-235814
-235631
-235422
-235253
-235194
-235191
-235162
-235078
-234518
-233872
-233850
-233809
-233763
-233756
-233589
-231582
-231528
-231397
-231312
-231242
-229844
-229520
-229302
-229140
-228788
-228504
-228501
-228466
-228104
-228033
-227899
-226968
-226958
-226732
-226695
-226592
-226584
-226556
-226446
-225779
-225769
-225548
-225389
-225215
-224776
-224629
-224099
-223944
-223924
-223835
-223835
-223551
-223511
-223345
-223298
-223285
-223097
-223051
-222721
-222503
-222296
-221870
-221490
-221436
-221319
-220349
-220266
-220247
-220187
-219963
-219601
-219165
-218564
-218399
-217405
-217344
-217304
-216899
-216886
-216761
-216701
-216588
-216303
-216034
-216010
-215290
-215017
-214961
-214915
-214751
-214724
-214699
-214687
-214208
-214118
-214078
-213984
-213921
-213864
-213698
-213187
-212911
-212237
-211945
-211883
-211490
-211174
-211035
-210682
-210633
-210587
-210512
-210305
-210115
-210050
-209983
-209598
-209224
-208902
-208533
-208333
-207522
-207442
-207097
-206506
-206230
-206084
-205970
-205771
-205596
-205581
-205520
-205361
-204915
-204795
-204663
-204503
-204398
-204086
-203991
-203981
-203749
-203606
-203597
-203321
-202922
-202844
-201421
-201065
-200996
-199825
-199733
-199551
-199236
-199184
-199106
-198857
-198812
-198809
-198697
-198561
-198370
-197818
-197312
-197252
-197233
-197222
-197182
-196967
-196826
-196483
-196445
-196430
-196200
-195827
-195695
-195552
-195450
-195367
-194737
-194443
-194330
-194211
-193987
-193983
-193668
-193358
-193208
-193126
-192901
-192735
-192556
-191655
-191616
-191598
-191573
-191565
-191364
-191065
-190833
-190536
-190239
-189929
-189677
-189489
-189485
-188919
-188616
-188402
-188331
-188294
-188176
-187915
-187533
-187285
-187114
-186828
-186654
-186439
-186090
-185917
-185880
-185693
-185377
-185263
-184256
-184246
-184087
-183839
-183157
-183052
-182882
-182864
-182532
-182505
-182243
-182238
-182223
-182110
-181770
-181762
-181664
-181648
-181358
-181257
-180959
-180678
-179720
-179472
-179161
-178375
-178281
-178069
-178065
-177962
-177830
-177700
-177508
-177395
-177133
-177097
-177032
-176974
-176539
-176439
-176346
-176227
-176176
-175876
-175841
-175803
-175263
-175233
-174960
-174865
-174803
-174790
-174788
-174579
-174477
-174007
-173884
-173626
-173626
-173192
-172848
-172742
-172659
-172644
-172589
-171953
-171578
-171403
-171239
-170522
-170474
-170117
-170109
-169848
-169792
-169773
-169547
-169381
-169316
-168963
-168872
-168855
-168783
-168540
-168376
-168344
-168274
-168233
-167844
-167793
-167775
-167730
-167611
-167604
-167576
-167206
-167143
-166917
-166827
-166768
-166395
-166364
-166232
-166203
-166199
-165773
-165768
-165192
-165181
-164860
-164432
-164178
-164126
-164123
-164104
-163952
-163817
-163578
-163442
-163005
-162781
-162501
-162391
-162346
-162261
-162189
-161483
-161145
-160648
-160222
-160001
-159898
-159812
-159498
-159291
-158497
-158396
-158188
-158155
-157491
-157140
-156548
-156258
-156030
-155887
-155201
-155061
-154648
-154621
-154388
-153707
-153648
-153632
-153558
-153533
-152793
-152353
-152211
-151616
-151213
-150903
-150101
-149670
-149531
-149265
-149218
-149210
-149079
-149064
-148872
-148632
-148398
-148390
-148325
-148135
-148119
-148095
-147431
-147251
-147211
-147148
-147066
-146950
-146906
-146656
-146552
-146315
-146012
-145626
-145401
-145392
-145332
-144562
-144364
-144347
-144113
-144106
-144057
-144019
-143990
-143796
-143440
-143392
-143230
-143087
-143013
-142994
-142832
-142687
-141953
-141910
-140856
-140268
-140058
-140019
-139615
-139500
-139486
-139371
-139238
-139178
-138945
-138821
-138585
-138168
-137860
-137082
-137070
-136927
-136571
-136565
-136424
-136396
-136395
-136294
-136205
-136187
-136137
-136119
-135617
-135553
-135518
-135432
-135397
-135023
-134705
-134556
-134451
-133972
-133854
-133521
-132934
-132496
-132370
-132367
-132112
-132079
-131867
-131738
-131540
-131447
-131292
-131277
-131251
-130837
-130576
-130457
-130379
-130328
-129923
-129743
-129632
-129470
-129406
-129176
-129048
-128932
-128484
-128483
-128341
-128082
-127983
-127866
-127819
-127748
-127490
-127433
-127307
-127137
-126722
-126512
-126199
-126131
-125511
-125239
-125143
-124883
-124802
-124170
-123450
-123329
-123216
-123188
-123034
-122808
-122799
-122433
-122063
-121903
-121901
-121556
-121416
-121280
-120938
-120843
-120736
-120696
-120528
-119966
-119553
-119487
-119275
-119228
-119089
-118795
-118685
-118627
-118314
-118313
-118239
-118106
-118024
-118000
-117725
-117517
-117381
-117338
-116661
-116561
-116421
-116408
-116027
-115970
-115873
-115633
-115531
-115406
-115187
-114846
-114584
-114410
-114265
-114175
-114089
-114028
-114004
-113730
-113442
-113232
-113196
-113008
-112858
-112407
-112381
-112364
-112143
-112043
-111754
-111689
-111629
-111591
-111512
-111420
-111384
-111237
-111064
-110944
-110901
-110897
-110670
-110626
-110624
-110518
-110426
-110403
-110392
-110339
-110277
-109988
-109631
-109463
-109412
-109386
-109027
-108922
-108846
-108752
-108431
-108278
-108244
-108007
-107576
-107510
-107335
-107261
-107190
-106906
-106503
-106432
-106127
-105860
-105793
-105744
-105673
-105498
-105325
-105245
-105084
-104548
-104278
-103849
-103818
-103432
-103396
-103329
-102902
-102566
-102499
-101874
-101555
-101429
-100716
-100535
-100262
-100192
-100030
-99937
-99842
-99606
-98890
-98797
-98612
-98552
-98001
-97923
-97621
-97363
-97213
-96929
-96699
-96643
-96547
-96543
-96383
-96154
-96083
-95324
-95209
-95007
-94909
-94754
-94457
-94371
-94324
-94282
-94270
-94131
-93860
-93855
-93801
-93703
-93437
-93166
-93034
-92555
-92408
-92285
-91552
-91488
-91052
-90979
-90955
-90781
-90637
-90549
-90387
-90203
-89938
-89909
-89406
-89373
-89147
-89105
-88902
-88717
-88333
-88241
-88071
-87858
-87847
-87311
-87146
-86872
-86677
-85864
-84729
-84710
-84670
-84283
-83907
-83746
-83650
-83461
-82769
-82625
-82610
-82593
-82408
-82343
-82127
-81745
-81574
-81462
-81189
-81015
-81011
-80815
-80806
-80754
-80477
-80463
-80455
-80328
-80160
-79702
-79656
-79329
-79153
-78813
-78655
-77990
-77764
-77618
-77396
-77161
-76926
-76878
-76353
-76260
-75943
-75923
-75886
-75322
-74981
-74838
-74815
-74783
-74672
-73992
-73283
-73046
-72929
-72756
-72557
-72557
-72382
-72354
-72114
-71997
-71721
-71586
-71103
-70963
-70578
-70471
-70407
-69952
-69784
-69710
-69076
-68888
-68295
-68139
-68054
-68052
-67725
-67664
-67557
-67383
-67311
-67309
-67283
-67266
-67017
-66795
-66610
-66523
-66040
-66007
-65953
-65910
-65903
-65546
-65358
-65314
-65168
-65154
-64815
-64805
-64603
-64426
-64396
-64310
-64183
-63924
-63884
-63492
-63413
-63399
-63199
-63166
-63117
-63111
-62572
-62460
-62387
-62319
-62223
-62167
-61771
-61712
-61569
-61351
-61295
-61153
-61100
-60917
-60892
-60836
-60652
-60447
-60386
-60035
-59860
-59306
-58796
-58421
-57967
-57748
-57504
-57423
-57404
-57236
-56948
-56741
-56395
-56395
-56351
-55979
-55974
-55880
-55736
-55726
-55704
-54983
-54150
-53857
-53739
-53520
-53229
-52819
-52790
-52497
-52430
-51949
-51787
-51767
-51445
-51414
-51409
-51269
-51257
-51236
-51017
-50156
-50085
-50006
-50002
-49983
-49907
-49841
-49805
-49767
-49662
-49439
-49323
-49072
-48597
-48536
-48336
-48266
-47546
-47505
-47168
-46473
-45888
-45826
-45583
-45122
-44915
-44900
-44760
-44750
-44460
-44259
-43759
-43685
-43656
-43589
-43281
-42860
-42765
-42354
-42211
-41310
-41298
-41005
-40902
-40827
-40524
-40499
-40419
-40374
-40352
-40258
-40212
-40191
-40039
-39498
-39336
-38969
-38776
-38754
-38713
-38625
-38611
-38599
-38450
-38425
-37801
-37629
-37616
-37535
-37450
-37123
-37009
-36863
-36593
-36435
-36163
-35878
-35606
-35557
-35496
-35459
-34647
-34608
-34441
-34372
-34053
-33512
-33432
-33122
-33061
-33010
-32935
-32806
-32666
-32406
-32226
-32152
-31733
-31458
-31065
-31006
-30873
-30849
-30655
-30621
-30614
-30026
-29966
-29276
-28856
-28759
-28505
-28460
-27897
-27787
-27552
-27424
-27390
-27308
-27167
-26650
-26230
-26197
-26161
-25817
-25763
-25218
-25092
-25056
-24730
-24089
-24083
-23917
-23758
-23633
-23433
-23200
-23106
-22949
-22281
-22169
-22124
-22076
-21949
-21694
-21646
-21105
-21043
-20985
-20983
-20582
-20489
-20396
-20310
-20174
-19937
-19675
-19573
-19507
-19472
-19420
-18894
-18868
-18590
-18578
-18303
-18249
-18119
-18059
-17916
-17725
-17686
-17473
-17429
-17185
-16966
-16879
-16871
-16780
-16727
-16539
-16409
-16376
-16374
-16294
-16110
-15895
-15445
-15383
-15174
-15132
-15051
-14753
-14199
-13904
-13900
-13215
-13123
-13029
-12901
-12855
-12753
-12542
-12460
-12287
-12214
-12195
-12111
-11922
-11744
-11738
-11689
-11455
-11413
-11125
-10548
-10190
-10053
-9953
-9689
-9478
-9429
-9002
-8943
-8848
-8730
-8646
-8625
-8624
-8616
-8605
-8401
-7707
-7552
-7365
-7188
-7046
-6842
-6766
-6690
-6353
-6246
-6040
-5547
-5323
-4686
-4406
-4382
-4160
-3914
-3898
-3595
-3279
-2990
-2755
-2665
-2641
-2322
-2260
-2038
-1901
-1759
-1743
-1482
-1481
-1254
-1213
-1078
-1032
-941
-929
-688
-542
-422
228
236
516
594
610
1080
1211
1344
1373
1904
2261
2337
2684
3001
3185
3967
4002
4059
4110
4564
4841
5042
5064
5099
5161
5618
6222
6246
6307
6429
6463
6684
6719
6796
7145
7363
7907
8042
8071
8480
8480
8812
8943
9079
9594
9776
10290
10533
10783
10792
10890
11140
11259
11647
11894
11900
11903
11957
12165
12206
12735
12894
13056
13127
13219
13665
13706
13799
13884
13961
13966
14154
14205
14262
14381
14823
14838
14940
15091
15354
15748
15922
15965
16032
16295
16687
17337
17503
17561
18347
18419
18450
18556
18839
18906
19050
19060
19726
19930
20459
20962
20990
21048
21282
21649
21809
22172
22462
22488
22730
22772
23014
23612
23818
24062
24247
24566
24744
24832
25042
25241
25701
25846
26128
26290
26294
26391
26544
26708
26789
26890
26898
26973
27068
27387
27769
27815
27831
27886
27929
27950
27967
28050
28766
29076
29202
29279
29523
29627
29718
29765
29785
29791
29813
29931
29964
30170
30280
30284
30305
30425
30641
30991
31013
31337
31421
31521
31622
31680
31807
31883
32084
32116
32119
32119
32331
32445
32623
33037
33392
33484
33629
33680
33814
33955
34025
34245
34408
34478
34529
34641
34800
34944
35206
35304
35475
35876
35958
36518
36660
36881
37338
37504
37958
38042
38107
38173
38303
38651
38655
38684
38692
38736
39481
39630
39695
39803
39831
39878
40263
40461
40496
40541
40558
41206
41408
41477
41523
41563
41969
42220
42308
42384
42922
43076
43143
43529
43568
43648
43676
44005
44087
44345
44360
44439
44439
44622
44789
44821
44891
45006
45102
45436
45589
45690
45800
45932
45967
46033
46377
46502
46580
46631
46838
46951
47067
47324
47480
47602
47716
48130
48324
48364
48378
48506
48749
48977
49012
49129
49286
49441
49511
49520
49821
49904
50000
50161
50352
50373
50468
50853
51109
51287
51365
51594
51610
51642
51911
51991
52447
52738
52869
52894
52958
53145
53398
53699
54180
54185
54283
54369
54496
54757
54908
55012
55431
55531
55597
55810
56004
56190
56274
56383
56437
56721
56893
56956
57090
57098
57644
58331
58394
58855
58875
58877
58958
58959
60656
60679
60789
60808
60869
61005
61074
61392
61429
61577
61870
61955
61983
62227
62242
62245
62365
62472
62633
63012
63277
63378
63858
63892
64311
64363
64528
64543
64606
64646
64749
65098
65320
65720
65885
66040
66476
66546
66624
66638
66688
66765
67134
67221
67366
67430
67473
67865
67880
68019
68156
68259
68384
68457
68496
68914
68955
69163
69655
69687
69748
69844
70075
70186
70325
70478
70617
70677
71150
71522
71615
71654
71953
71991
72041
72475
72867
73292
73486
73997
74219
74255
74340
74366
74467
74506
74629
74799
74880
75001
75047
75334
75795
75806
76308
76758
76923
76993
77040
77210
77569
77842
77884
77923
77979
78265
79136
79379
79572
79882
79995
80614
80886
81507
81589
81608
81870
82106
82159
82500
82666
83005
83455
84228
84280
84580
84836
85284
85493
85814
86012
86252
86275
86310
86859
87038
87563
87708
87857
88144
88152
88376
88781
89135
89317
89387
89557
89564
89874
89929
90244
90290
90642
90843
90998
91528
91674
91731
91771
91811
92279
92303
92500
92897
92972
92979
93169
93212
93521
93588
93758
93789
94091
94242
94270
94614
94741
94822
94928
94968
95254
95604
95824
95849
96017
96101
96134
96756
96838
97426
97558
97674
97715
97828
98074
98090
98095
98143
98160
98178
98192
98340
98479
98564
98621
98862
98966
99678
99725
100141
100141
100157
100258
100575
100834
101118
101300
101549
101555
101967
102009
102137
102355
102390
102661
102707
103127
103231
103700
104036
104135
104417
104638
104715
105256
105624
105823
105971
105997
106148
106349
106863
107231
107377
107524
107553
107877
107912
107925
108041
108491
108694
108864
108898
108930
109069
109517
109679
110274
110734
110824
111066
111207
111837
111870
112216
112243
112398
112655
112844
112930
113092
113139
113208
113320
113729
113828
114023
114059
114281
114364
114585
114742
114812
114942
115131
115183
115236
115514
115565
115976
116113
116683
116695
116734
116918
117350
117378
117801
118175
118239
118565
118571
118595
118665
119297
119338
119488
119525
119868
119990
120024
120148
120481
120516
120744
121273
121410
121429
121474
121720
122039
122054
122070
122293
122464
122574
122811
122863
123061
123353
123990
124024
124611
124878
124897
124924
125046
125127
125288
125289
125335
125581
125953
126740
126869
126909
126999
127124
127454
127625
127742
128109
128529
128812
128825
129102
129162
129187
130147
130579
130649
130912
130938
131205
131394
131645
131804
131866
131994
132063
132151
132165
132230
132452
132537
132829
133021
133164
133211
133305
134171
134286
134388
134815
134839
134891
134939
135019
135312
135529
135845
136160
136324
136519
136837
137063
137577
137604
137931
138056
138927
139036
139082
139176
139428
139581
140379
140450
140668
141428
141667
142401
142617
142738
142964
143101
143296
143665
143837
144005
144232
144500
144539
145448
145568
145712
145778
145859
145941
146421
146612
146657
146972
147326
147331
147528
147529
147534
147598
147617
148158
148380
148386
148403
148404
148800
148941
149801
149977
150248
150273
150340
150925
150935
150963
150963
150995
151162
151543
151896
152133
152199
152230
152549
152830
153123
153366
153541
154006
154073
154160
154202
154241
154434
154475
154476
154489
154819
154996
155183
155205
155559
156755
157013
157134
157149
157258
157357
157506
157680
157788
157909
158314
158757
158975
159040
159274
159333
159793
159946
160013
160049
160220
160380
160489
160831
161031
161328
161410
161436
161900
162019
162035
162121
162171
162313
162440
162484
162801
162916
163313
163761
164146
164215
164339
164989
165153
165300
165795
166032
166141
166272
166893
167042
167088
167116
167163
167289
167303
167703
167724
167774
167988
168433
168632
168657
168939
169036
169066
169222
169242
169548
169601
169771
169785
170132
170324
170541
170847
170852
170998
171325
171343
171466
171657
171786
172082
172264
172334
172422
172517
172680
172841
172892
172982
173102
173226
173267
173610
173634
173717
173785
173997
173998
174137
174289
174291
174351
174652
174878
175128
175602
175607
175619
175785
175938
176611
176617
176873
176960
177108
177108
177310
177580
177600
177668
177971
178059
178368
178622
178930
179334
180044
180188
180603
180696
180758
180924
181184
181637
181721
182041
182607
182670
182685
182966
183343
183394
183406
183466
183677
183708
183929
184052
184318
184605
184765
184772
185165
185472
185556
186420
186444
186599
186734
187541
187562
187740
187771
187932
187938
188077
188215
188481
188685
189062
189090
189204
189304
189572
189572
189662
190121
190127
190190
190294
190580
191101
191184
191372
191801
191880
191918
192669
192727
192758
192890
193025
193787
193870
194060
194239
194570
194669
194815
195344
195353
195658
195783
195846
195946
196039
196154
196235
196285
196658
196963
197292
197317
197790
198052
198103
198170
198854
198873
199744
200026
200091
200409
200935
201070
201857
202039
202072
202339
202647
202771
203608
203840
204117
204135
204147
204317
204946
204948
205196
205197
205384
205666
205694
205787
205970
206093
206400
206535
206631
206639
206758
207056
207308
207905
208234
208742
208789
209584
209614
210231
210323
210526
210589
210740
210854
210926
210946
212357
212384
212577
212674
212701
213082
213204
213353
213550
213609
213790
213811
214209
214268
214284
214285
214307
214391
214864
215261
215300
215510
215710
215878
216135
216207
216217
216375
216530
216870
216879
216986
217226
217231
217264
217465
217641
217664
217785
217881
218030
218194
218351
218666
218884
219031
219526
219685
219798
219799
220348
220389
220710
220742
220816
221023
221340
221666
221776
222067
222117
222141
222332
222436
222499
222577
222589
222668
222745
223157
223357
223368
223522
224100
224157
224589
224628
224722
224836
225091
225209
225240
225428
225517
225592
225617
226088
226141
226143
226406
226629
226789
226901
227044
227344
228150
228184
228367
228394
228849
228852
228890
229119
229345
229524
229907
229957
230198
230528
230593
230866
231173
231256
231389
231420
231699
231985
232028
232362
232412
233006
233084
233120
233329
233513
233514
233620
233963
233971
234006
234035
234096
234162
234275
234288
234636
235135
235238
235308
235569
235760
235796
235858
235955
236066
236254
236588
236670
236704
236782
236889
237140
237161
237378
237571
238020
238194
238225
238336
238498
238737
238858
238873
239093
239102
239450
239805
240067
240561
240765
240998
241012
241232
241533
241688
241703
242153
242215
242319
242434
242611
242733
242752
242841
242857
242938
243031
243231
243768
243801
243877
243930
244213
244433
244456
244626
245570
245958
246067
246153
246745
247167
247193
247224
247260
248020
248131
248133
248425
248490
248820
248851
248952
249214
249517
249627
249689
249703
250050
250173
250437
250569
250586
250948
251192
251200
251208
251560
251576
251789
251896
252017
252028
252055
252161
252298
252430
252883
253002
253071
253511
253524
254115
254403
254501
254673
255080
255109
255211
255569
255575
255624
255812
256013
256169
256306
256368
256462
256495
256511
256530
256710
256737
256833
256926
256932
257028
257069
257103
257896
257965
258056
259750
259833
259991
260593
260724
260813
261011
261287
261385
261467
261566
261637
262016
262024
262150
262412
262465
263002
263198
263333
263937
264093
264161
264197
264218
264413
264451
264511
265123
265589
265679
266805
267057
267359
267469
267603
267945
268038
268104
268397
268459
268543
269011
269026
269038
269297
269791
269937
270076
270110
270118
270164
270341
270669
271068
271198
271306
271419
271444
271444
271649
271711
271736
271761
272031
272126
272341
272373
272400
272787
272882
273048
273110
273177
273254
274138
274630
274750
274787
274951
275175
275212
275245
275269
275464
275685
275701
275949
276062
276204
276282
276697
277322
277514
277642
278247
278491
278803
278898
278903
279029
279220
279325
279409
279918
279993
280143
280147
280530
280903
280991
281113
281603
281840
282031
282113
282247
282334
282805
283077
283309
283622
283944
284001
284386
284720
284737
285168
285558
285700
285976
286182
286354
286644
286997
287421
287438
287929
287948
288138
288328
288721
288769
288934
288973
289404
289508
289797
290247
290261
290513
290604
290613
290686
291126
291308
291361
291487
291851
292015
292146
292345
292349
292604
293463
293603
293663
293774
294301
294381
294428
294748
294756
294822
294946
294980
295000
295083
295119
295208
295230
296181
296426
296484
296525
297268
297318
297320
297352
297753
297761
297814
298078
298253
298920
298931
299337
299472
299746
299783
299885
300109
300218
300701
300786
300812
301110
301261
301334
301490
301538
301585
301753
301958
302280
302616
302664
302723
303026
303181
303600
303732
303835
304255
304457
304890
305654
305789
305876
306770
307097
307171
307394
307588
307681
307965
308117
308129
308191
308192
308722
309048
309193
309368
309922
310993
311112
311207
311284
311357
311357
311381
311681
311853
312139
312247
312268
312418
312528
312787
312893
313334
313519
313692
313746
313907
314180
314189
314403
314819
314965
315111
315242
315367
315521
315925
316146
316742
316834
317253
317264
317306
317417
317607
317704
318101
318168
318352
318366
318391
318414
319533
319712
319774
319844
319869
320433
320551
320731
320973
321039
321046
321136
321661
321799
321832
321907
322041
322161
322188
323094
323520
324032
324069
324074
324264
324492
324627
324645
324669
325179
325205
325725
326145
326163
326231
326737
326780
326873
327022
327441
327502
327569
327601
327621
327710
327751
327886
327991
328076
328220
328569
328883
329603
329670
329764
329780
329934
330020
330055
330197
330237
330647
331385
331647
331728
331824
331829
332095
332491
332561
332871
333034
333331
333394
333712
334177
334440
334728
334853
335247
335361
335522
335672
335852
335890
336233
336291
336511
336536
336583
336805
336894
336925
337189
337224
337247
337352
337413
337514
337531
337643
338081
338384
338448
339093
339548
339797
339919
339925
339995
340552
340617
340830
341201
341315
341397
341774
341893
342032
342508
342547
342723
342915
343167
343205
343597
343622
343714
343997
344108
344134
344239
344348
344472
344858
344998
345226
345227
345398
346058
346907
347782
347911
348013
348097
348292
348579
348735
348862
348869
348880
348955
349453
349472
350249
350273
350393
350832
351381
351683
351707
351730
351869
352127
352285
352684
352737
353035
353067
353663
354141
354161
354223
354230
354518
354588
354724
354871
355286
355442
355605
356020
356270
356327
356529
356607
356653
357328
357922
358252
358765
358779
359005
359472
359510
359590
360338
360492
360577
360739
360825
361105
361300
361425
362156
362404
362665
362799
363162
363373
363530
363655
363908
364011
364081
364267
365012
365289
365521
365728
365799
365844
365970
366147
366304
366427
366456
366774
367165
367202
367387
367435
367514
367613
367822
368030
368069
368299
368415
368591
368609
368700
368839
369468
369555
370001
370301
370425
371298
371628
371649
371840
372044
372107
372250
372340
372432
372658
372845
373197
373330
373351
373529
373566
373625
373672
374093
374282
374352
374690
374774
374839
375221
375359
375641
375728
375872
375906
376332
376357
376497
376515
376619
376818
376915
376991
377119
377264
377449
377608
377713
377808
377840
377845
377924
377963
378039
378388
378632
378873
379072
379407
379545
379644
379788
380459
380780
380809
380918
381218
381343
381364
381512
381897
381914
381930
382088
382110
382121
382154
382188
382313
382319
383014
383130
383157
383204
383259
383425
383468
383611
383719
384100
384317
384405
384491
384541
385132
385426
385476
385678
386773
386781
386971
387019
387089
387295
387367
387503
387978
388191
388280
388492
388638
388734
388764
389153
389190
389975
390316
390654
390851
391032
391047
391500
392012
392098
392409
392699
392847
393000
393120
393281
393614
393634
393734
393871
393876
393947
394036
394150
394678
394722
394899
395616
395784
396010
396100
396814
397414
398063
398281
398605
398902
399274
399506
399759
399832
399833
400131
400132
400288
400351
400356
400419
401014
401078
401194
401382
401523
401654
401981
402023
402096
402125
402182
402306
402723
403156
403196
403234
403405
403435
403854
403916
403982
404541
405983
406027
406150
406341
406367
406905
407254
407269
407646
407815
408094
408340
408632
408762
409024
409150
409278
409342
410018
410037
410082
410330
410637
410784
410816
410843
410881
411128
411142
411144
411195
411268
411499
411826
411935
412645
412863
413431
413848
413858
414257
414740
414808
414976
415041
415511
415520
415995
416173
416186
416376
416396
416456
416721
416806
417103
417648
418181
418271
418824
418879
419020
419136
419516
419568
419574
419629
419647
419809
420179
420465
420574
421058
421816
421825
421845
422110
422359
422587
422662
422743
422751
422835
422864
423009
423015
423093
423521
423646
423909
424011
424251
424301
424528
424915
424927
425253
425467
425602
425985
426831
426955
427197
427303
427718
427742
427938
428022
428027
428306
428336
428540
428543
428676
428784
428951
429021
429037
429056
429109
429210
429444
429516
429761
430163
430249
430365
430493
431142
431205
431513
431596
431757
431906
431936
432021
432032
432427
432467
432746
433199
433884
433996
434054
434580
434825
435145
435570
435616
435846
436344
436405
436646
437011
438186
438228
438388
438615
438988
439295
439465
439866
439890
440007
440278
440517
440549
440718
440818
441477
441610
442157
442366
442381
442913
443169
443200
444157
444193
444262
444340
444465
444540
444675
444723
444742
444904
444925
445039
445396
445778
445895
445925
445994
446144
446662
446970
447159
447212
447217
447257
447610
447766
448224
448276
448337
449017
449417
449744
450153
450417
450450
450649
450763
450766
450903
451118
451122
451371
451451
451538
451705
451892
452316
453031
453244
453261
453491
454275
454278
454516
454553
454656
454683
455144
455582
456387
456429
456560
456775
456792
457113
457479
457528
457856
458502
458657
458697
458818
458859
459087
459122
459186
459211
459431
459438
459493
459765
459825
460213
460223
460337
460436
461040
461625
461866
462089
462136
462404
462454
462476
462636
462750
462755
462940
463087
463442
463590
463645
463753
464010
464014
464383
464486
465085
465086
465275
466037
466113
466337
466588
467358
467413
467455
467610
467668
467858
468244
468511
468792
469665
469666
469762
469948
470042
470396
470731
471435
471523
471661
472633
473123
473577
473584
473585
473958
473982
474066
474630
474683
474768
474925
474969
475167
475284
475473
475522
475589
476256
476362
476513
476537
476542
476684
476779
476921
477390
477391
477422
477532
477587
477822
478073
478179
478251
478454
478546
478587
478669
479081
479172
479297
479420
479499
480058
480133
480212
480501
480510
480551
480741
480743
480850
480896
481154
481188
481418
481445
481450
481465
481538
481563
481673
481872
482495
482531
482658
482660
482940
482959
483179
483291
483360
483444
483608
483712
484435
484673
484768
484819
484876
485049
485091
485367
485473
485772
485878
485917
486800
486815
487350
487396
487576
488112
488530
488927
489207
489252
489424
489442
489502
489953
490091
490362
490452
490478
490483
490637
492208
492290
493428
493695
493982
494358
494532
494595
494820
495035
495037
495243
495262
495335
495552
495943
495946
496254
496389
496395
496434
496919
497046
497149
498201
498274
498276
498535
498617
498895
498965
498983
499387
499722
499919
500005
500006
500067
500092
500348
500420
500741
500781
501327
501399
501460
501914
502668
502701
503098
503811
504016
504096
504584
504608
504767
504796
504898
504999
505074
505150
505267
505359
505435
505441
505518
506014
506213
506286
506459
506502
506638
506699
506717
506862
507113
507324
507358
507412
507605
507624
507770
507814
507947
508090
508681
509087
509124
509220
509344
509355
509654
509658
509807
509869
510045
510505
510740
511107
511151
511649
511751
511819
512244
512553
512589
513064
513074
513615
513703
514046
514324
514858
514909
515022
515734
515820
515857
516090
516149
516385
516395
516675
516724
517066
517610
517640
517730
517807
518140
518169
518498
518508
518800
519044
519204
519297
519495
519517
519851
519884
519999
520614
520762
520940
521077
521184
521303
521345
521935
522108
522145
522185
522360
522591
522764
522788
522813
522947
523108
523426
523667
523825
524179
524769
524843
524868
525120
525189
525193
525652
525712
525781
525816
526098
526795
526935
527558
527603
527603
527713
527846
527931
528032
528406
528413
529828
530451
530961
531411
531430
531753
532721
532784
532787
532992
533000
533000
533334
534044
534086
534797
535065
535152
535161
535419
535450
535696
536002
536124
536135
536307
536358
537161
537671
538008
538124
538367
538367
538566
538969
539103
539194
539630
539777
539793
539917
540307
540460
540554
540891
540910
541174
541288
541914
542003
542229
542745
542776
543030
543147
543751
544180
544518
544535
544592
544593
544986
545026
545449
545959
546447
546630
546850
547036
547401
547480
547575
547593
547862
548004
548013
548467
549144
549635
549648
549770
550350
550686
550783
550911
550991
551025
551192
551209
551235
551302
551801
551844
551982
552012
552462
552801
552895
553362
553728
553782
553809
553984
554109
554196
554250
554827
554930
555168
555235
555315
555323
555334
555402
555585
556280
556467
556984
557115
557164
557283
557465
558184
558406
558749
558961
558979
559118
559667
560676
561018
561368
561525
561641
561777
562015
562116
562249
562308
562374
562481
562572
562632
562675
562736
562962
563158
563186
563399
564020
564072
564146
564588
564838
564848
564886
565287
565313
565549
565569
565660
565670
566157
566451
566454
566508
566707
567332
567507
567920
568450
568510
568918
569286
569581
569667
569763
569779
570028
570183
570208
570260
570367
571176
571441
571517
571569
571649
571659
571754
571778
572134
572314
572481
572497
572707
573217
573357
573625
573785
573959
574141
574400
574799
574869
574947
575291
575551
575722
575758
575918
576176
576515
576594
576969
577070
577289
577437
577532
578065
578462
578556
578705
578817
578995
579260
579327
579965
580131
581269
581278
581488
581507
581607
581634
582175
582248
582429
582448
582819
583137
583238
583372
583589
583774
583836
583849
583915
584377
584578
585148
585678
585977
585979
586185
586204
586362
587401
587505
587726
587949
587952
588187
588430
588706
588836
588856
588869
588959
589385
589799
589868
590357
590628
590855
591149
591488
591653
591745
591876
591954
592258
592369
592688
592700
592760
592927
592984
593159
593415
593529
593635
593994
594029
594165
594238
594252
595160
595227
595391
595500
595807
596282
596286
596464
596686
596782
596783
596831
596842
596927
597025
597160
597607
597614
597767
597781
597974
598024
598051
598267
598280
598747
598946
599224
599232
599391
599404
599476
599628
599850
599944
600162
600356
600536
600539
600703
600704
600773
600822
600951
601274
601482
602390
602400
602401
602558
602656
603001
603104
603201
603237
603245
603307
603494
603610
603719
603780
603801
604038
604289
604317
604329
605089
605487
605799
606238
606321
606358
606682
606727
606788
607003
607153
607641
608007
608226
608362
608694
608781
609161
609282
609551
609721
610115
610175
610308
610462
610519
610717
610840
610910
611057
611267
611801
611994
612062
612154
612313
613029
613218
613278
613404
613432
613682
614119
614313
614532
614622
614723
614847
615428
615449
615553
616226
616269
616555
616928
617404
617411
617453
617807
618369
618449
618791
618865
619350
619392
619668
619742
619791
619847
619950
620142
620276
620747
620943
621223
621813
621831
621989
622049
622061
622103
622110
622548
622549
622721
622958
622966
622975
623063
623395
623776
624007
624083
624172
624415
624567
624656
624861
624863
625122
625330
626199
626342
626540
626739
626749
627106
627133
627395
627602
627692
627702
627841
627847
628038
628306
628681
628757
629456
629502
629538
629589
629861
630168
630224
630732
631334
631360
631442
631590
632067
632589
632605
632944
633134
633143
633523
633641
634782
635009
635220
635326
635667
635868
636013
636120
636822
636936
637730
637930
638072
638217
638269
638777
638844
639177
639560
639612
639679
639679
639842
639946
640266
640284
640326
640539
640747
640813
640983
641076
641092
641138
641279
641396
641450
641667
641670
641688
641690
641842
642047
642206
642252
642716
643090
643233
643329
643341
643457
643528
643591
643727
643737
644211
644396
644419
644540
644554
644839
645020
645169
645223
645284
645311
645358
645727
645799
645962
646038
646082
646217
646299
646334
646385
646450
646669
646743
646784
646880
646938
647149
647271
647403
647659
647767
647963
648049
648354
648630
648674
648858
649181
649505
649884
650932
651032
651734
652018
652308
652336
652464
652732
653482
653901
654130
654367
654748
654756
654789
655141
655239
655643
655690
655825
656377
656487
656628
656699
656999
657314
657406
657415
657531
657587
658042
658287
658293
658417
658454
658554
658602
659257
659415
659568
660074
660128
660223
660248
660406
660607
660780
660822
660875
661378
661475
661807
662193
662317
662371
662385
662694
662841
662970
663127
663145
663207
663214
663252
663412
663559
663616
663773
664120
664511
664546
664639
664868
664912
665406
665496
665502
665535
666325
666801
667087
667323
667620
667696
667859
668038
668103
668175
668747
668951
669024
669174
669219
669275
669338
669698
669739
670241
670264
670433
670510
670717
670755
670958
671051
671089
671236
671268
671294
671700
672065
672272
672401
672699
672820
673034
673307
673582
673844
674680
674687
674708
674956
675004
675013
675674
675822
676026
676151
676313
676655
676769
676849
676901
676965
677174
677318
677362
677454
677518
677737
678242
678547
678587
678715
678821
678845
678998
679419
679485
679521
679845
680016
680192
680203
680235
680375
680585
680737
680780
680837
681128
681297
681981
682499
682693
682919
684104
684458
684645
684685
684698
684815
684853
684974
685372
685422
685592
685690
685718
686191
686437
686853
687226
687519
687630
687936
688239
688340
688414
688862
688884
689165
689279
689380
689711
689724
689896
690197
690236
690251
690352
690508
690528
690574
690825
691325
691412
692015
692069
692137
692242
692284
692487
692900
692949
693043
693925
693948
693994
694034
694109
694207
694325
694436
694496
694578
694849
694986
695169
695957
695995
696096
696312
696573
696720
696825
696904
697163
697647
697755
697846
697896
698187
698602
698787
698853
698987
699050
699123
700067
700117
700377
700739
701120
701252
701384
701513
701677
701944
702049
702068
702851
702951
703268
703399
703472
703489
703551
704411
704528
704584
704614
704740
704778
704930
705751
705788
706104
706525
707105
707289
707387
707442
707691
707767
707776
707832
707848
707915
708188
708219
708300
708499
708541
708680
708943
708952
708995
709379
709413
709520
709523
709622
709682
709722
710033
710131
710540
710883
710984
711353
711392
711398
711459
711526
711719
712179
712207
712280
712335
712376
712442
713181
713785
714079
714189
714233
714539
714612
714817
714849
714907
714913
715010
715161
715169
715243
715450
715668
715864
716102
716259
716374
716377
716654
716782
716844
716953
717042
717181
717189
717290
717492
717575
717600
717671
717775
717790
717876
718014
718142
718888
719150
719318
719462
719904
720149
720468
720505
720537
720799
721048
721238
721790
721835
722626
723296
723331
723386
723518
723639
723778
724238
724310
724521
724573
724639
724803
725013
725219
725355
725359
725701
726184
726509
726766
726791
727073
727239
727328
727329
727536
727717
727972
728175
728317
728455
728545
729031
729214
729281
729450
729475
729589
729641
729702
729900
729907
730057
730108
730390
730675
731013
731178
731557
731800
731908
732079
732287
732445
732553
732833
732840
733599
734460
734713
734821
734878
734927
735658
736083
736098
736838
737169
737192
737826
737836
737995
738028
738345
738354
738376
738378
738548
738848
739063
739120
739164
739237
739515
739708
740349
740487
740651
740775
741030
741203
741254
741256
741647
741826
741934
742053
742080
742321
742364
742459
742509
742776
742817
743086
743969
744302
744393
744575
744608
744842
744989
745004
745104
745216
745494
745671
745788
745907
746151
746168
746281
746397
746523
746827
747709
747748
747809
747850
748354
748549
748677
749050
749120
749250
749526
749568
749569
749618
749809
749874
749937
749985
750019
750139
750179
750979
751017
751955
751958
752147
752598
752806
753316
753397
753603
753613
753839
754382
754539
754886
754889
755238
755674
755812
755917
756096
756201
756686
757354
757421
757891
758006
758280
758394
759154
759221
759308
759678
759854
760101
760107
760163
760292
760658
760850
761357
761802
762043
762080
762186
762275
762578
762585
762962
763212
763792
764096
764781
764858
764869
764961
765490
765756
766364
766713
767291
767556
767761
768171
768459
768527
768538
768780
769187
769383
769551
769654
770032
770072
770086
770093
770187
770264
770305
770479
770843
771054
771379
772077
772335
772384
772648
772671
772722
772745
772990
773081
773198
773512
773707
774324
774450
774515
775095
775149
775422
775827
775860
776332
776371
776589
776593
776618
776783
777685
777722
777785
777804
777930
778018
778064
778789
778969
779018
779195
779485
779696
780610
780726
780789
780807
780842
781057
781461
781516
781522
781770
781786
782140
782149
782644
782765
782870
782922
783225
783339
783527
783827
783854
784115
784418
784636
784947
784981
785061
785299
785420
785518
785875
786181
786221
786397
786554
786591
786654
786720
786922
787108
787319
787326
787451
787474
787911
787916
787932
787940
788069
788149
788542
788649
788780
789152
789349
789565
789651
789839
789975
790105
790385
790518
790638
790741
790861
790954
791548
791552
791742
791778
792271
792584
793342
793650
794076
794359
794535
795169
795454
795480
795627
795638
795722
795814
795887
796157
796409
797093
797207
797255
797301
797309
797418
797942
798065
798131
798276
798360
798461
798949
799036
799188
799586
799618
799642
799760
800045
800082
800082
800298
800650
800677
800785
801457
801655
801722
801770
801857
802070
802093
802259
802287
802318
802394
802677
802776
802849
803543
804080
804422
804446
804569
804733
804738
805078
805272
805603
805882
805950
805956
806168
806225
806474
807316
807394
807546
807956
808069
808459
808549
808749
808854
808888
809015
809063
809301
809494
809679
809915
810058
810133
810235
810247
810439
810626
810803
810968
811251
811395
811486
812004
812138
812138
812597
812920
812922
813005
813120
813602
813719
813864
813898
814469
814469
814553
814591
815209
815270
815536
815578
815950
815976
815989
816103
816563
816634
817201
817280
817392
817423
817528
817628
817654
817788
818181
818429
818484
818752
818870
819213
819447
819561
819737
819851
820480
820775
820864
820917
820922
821062
821272
821391
822042
822050
822320
822617
822662
822712
822752
822838
822879
822995
823152
823932
824114
824226
824309
824330
824822
824941
824956
825736
825954
825965
826046
826381
826534
826571
826587
826591
826894
827123
827174
827299
827311
827337
827564
827633
827691
827829
828031
828206
828441
828799
828893
828911
829487
829755
829959
829978
829980
830336
830567
831188
831336
831483
831791
831863
832247
832343
832352
832612
833117
833150
833171
833288
833417
833614
833674
833709
833860
833909
835234
835419
835759
836049
836178
836341
836550
837232
837398
837524
837722
837783
838078
838137
838421
838459
838859
839373
839494
839544
839735
839841
839861
840214
840603
840750
840867
840896
841055
841084
841112
841168
841495
841552
841621
841976
842827
842966
843411
843566
843699
844062
844394
844468
844516
844547
844581
844593
844652
844789
844812
844837
845775
846209
846235
846438
846517
846528
847127
847351
847411
847445
847453
847541
847579
847638
848082
848391
848553
848612
848885
848891
849103
849381
849520
849636
849658
849674
849829
850262
850881
850886
851174
851330
851352
851381
851533
851688
851695
851869
852267
852484
852527
852636
852780
853250
853274
853328
853548
853776
853811
853858
853973
854094
854264
854286
854551
854786
854830
854997
855063
855145
855553
855586
855639
855762
855808
856188
856657
857348
857380
857497
857623
857655
857743
857944
858225
858349
858359
858397
858779
858894
859003
859256
859457
859877
860294
860299
860491
860559
860629
860720
860747
861169
861220
861280
861996
862463
863180
863525
863660
863826
863876
863914
864230
864742
864886
864906
865041
865108
865212
865233
865369
865886
866468
866612
866669
866718
866764
866865
866897
867031
867088
867139
867279
867416
867417
867449
867625
867662
868084
868183
868361
868420
868630
868849
869063
869246
869418
869430
869659
869850
870178
870204
870557
870624
870683
870698
871189
871341
871387
871424
871426
871502
871580
872107
872263
872494
873058
873106
873227
873795
874097
874131
874658
874814
875232
875482
875490
875493
875880
875969
876083
876128
876159
876504
876644
876676
876753
876803
876879
876883
877231
877270
877661
877932
878084
878319
878836
878908
879337
879857
880033
880434
880452
880465
880501
880717
880922
881189
881209
881278
881332
881418
881506
881720
881834
881958
882195
882928
883618
883986
884153
884205
884415
884417
884544
884748
884823
885005
885069
885184
885276
885650
885783
885833
886390
886506
886636
886650
886725
887016
887076
887147
887217
887478
888258
888624
888854
889101
889179
889312
889519
889697
889816
889819
889828
890254
890388
890471
890567
890924
891236
891243
891350
891431
891931
892122
892133
892181
892187
892191
892642
892650
893059
894446
894724
895015
895306
895437
895623
895812
896282
896729
896837
896845
896899
897100
897210
897486
897563
897739
898321
898340
899051
899395
899506
899866
899955
900076
900130
900159
900167
900175
900239
900626
900677
900749
900814
901893
902016
902116
902439
902489
903047
903535
903569
903746
903801
903848
904042
904065
904143
904378
904848
904892
905197
905332
905446
905454
905991
906155
906487
906492
906963
907016
907067
907295
907344
907566
907903
908429
908489
909212
909736
909746
910031
910331
910418
910426
910459
910501
910509
910764
910779
910809
910915
910927
911356
911574
911733
911903
912225
912409
912523
912532
912925
912976
913341
913563
913679
913804
913877
914256
914426
914657
914744
914769
915139
915644
915656
916003
916975
917157
917260
917714
917773
917878
918027
918167
918229
918360
918876
919020
919960
920204
920241
920484
920635
920832
921184
922348
922579
922718
922949
924004
924057
924164
924166
924271
924461
924504
924576
924759
924994
924996
925044
925274
925466
925488
925586
926029
926112
926129
926417
926423
926493
926511
926622
926947
927554
927859
928095
928161
928314
928441
928504
928554
928657
928725
929274
929319
929437
929636
929649
929917
930053
930334
930338
930622
930646
930690
930737
930771
930933
930998
931094
931523
931626
931633
931727
931788
932740
932829
932956
932988
933129
933137
933151
933283
933343
933419
933540
933947
934049
934670
934819
934943
935019
935182
935457
935749
936002
936592
936675
936750
937057
937066
937249
937471
937774
937805
938012
938108
938725
938831
939040
939224
939253
939270
939322
939894
940055
940889
941037
941503
941808
942111
942383
942499
942876
943111
943380
943694
944023
944134
944342
944568
945154
945326
945397
945423
945452
945495
946039
946042
946381
946565
946634
946697
946976
947074
947199
947402
947972
947995
948290
948408
948447
948620
948771
948796
949440
949497
950207
950217
950519
950623
950843
950886
951109
951283
951830
952014
952818
952896
953259
953647
953842
954861
955009
955242
955297
955578
955800
956097
956227
956265
956852
957243
957324
957551
957797
958089
958193
958451
958938
959108
959363
959667
959792
959975
959977
960443
960591
961027
961918
961940
962211
962384
963024
963420
963629
963946
964024
964363
964720
964936
965791
965896
966141
966290
966372
966864
966950
967170
968005
968173
968315
968693
968727
968805
968929
968988
969288
969463
969899
970523
970677
970799
971336
971358
971446
971504
971817
971822
971959
971981
971990
972075
972219
972425
972452
972547
972568
972711
972750
972954
972992
973295
973296
973333
973529
973725
973896
973961
974129
974470
974580
974743
974921
975029
975278
975313
975613
975757
976205
976206
976293
976412
976949
977146
977507
977580
977743
977994
978519
978853
979007
979277
979357
979409
979437
979477
979767
979952
980019
980201
980457
980656
980780
981034
981220
981437
981792
982157
982249
982291
982309
982430
982657
983129
983277
983432
983603
983615
983740
983786
983791
983824
984046
984133
984278
984559
984755
985026
985072
985451
986245
986319
986327
986507
986546
986712
986909
987004
987394
987502
988270
988772
988913
989674
989921
990033
990262
990347
990552
990637
990783
990902
990905
991159
991642
991756
991848
991962
991967
992227
992237
992272
992315
992548
992576
992638
992667
992827
993005
993189
993385
993589
993660
993927
993943
993977
994023
994093
994382
994417
994560
994753
994912
995024
995149
995261
995335
995771
996028
996355
996421
996505
996745
997066
997360
997419
997907
998056
998149
998339
998385
998426
998437
998749
998769
998924
999034
999047
999117
999204
999293
999314
999460
999715
